23.0244603347721,22.5507707889483,21.7085955682563,21.3985758600917,21.3238757941764,20.9409100192447,20.0901953548872,21.0743845255607,20.9904894328266,21.5357840327484,21.9867271684438,22.6352356192804,22.8090703359938,22.625395332733,24.2859852749943,23.6885232605124,23.3489285627216,23.2841937492121,21.4967388682185,20.8149408277664,20.8298490166254,20.0501086421212,19.1228066521735,20.19312289733,20.5308349179877,21.1505724773488,21.4189135998686,21.5422055859281,20.6375443131231,20.355634185766,21.8056824891914,22.6968220658768,22.075022244451,20.8362019621914,21.6248593608349,20.8816133510418,19.782206804995,19.7982146372742,19.6338104659318,19.7618700367425,19.9806719531946,21.4651439819077,21.7429553703765,23.8693670246602,25.3724235845253,25.6753190755934,25.9429873057646,26.707834075652,26.1615342603908,25.3447020951548,24.1785643977001,22.8652786628379,23.4992633132931,23.6650280349706,24.383336208279,24.1057779648131,24.3894207827714,25.0909977297543,25.6662275568068,26.4700059390728,27.1883955825083,28.0864909227519,28.615407849844,28.0042880566418,27.1221862240798,25.745461907437,25.0249199544791,25.3278735041123,25.5265892129678,25.7800245962758,27.6229863509934,27.0648790199341,24.7812216757872,25.9052528716149,26.7123078531922,27.0635880009554,27.0514566074416,27.7652160944206,27.5304075122865,27.8047641109758,28.690027373578,29.1897257050798,30.6939822047288,29.9576804564406,30.6058338494377,30.5634756640478,29.8932228160618,30.8244386682013,31.2292552362046,31.4320392937124,32.1940833302205,33.1034087006813,33.1985119234037,34.5316653579634,35.2300312340499,35.5872789795936,35.0821286642301,34.3511135825797,33.2333132523372,32.535537075424,31.7633972088316,31.1277669106681,29.8227673389522,29.8269617453975,30.7906478284756,31.3554927318364,31.7974293522261,30.9200256500389,30.2097056734767,29.941623963484,31.4366677073883,30.8947631242831,31.1608919009868,31.6977484043117,31.8580419240711,31.9198454961264,32.035511963236,32.060589076298,31.9992179846413,31.906472392239,32.5786223148134,33.0992875976243,32.6461010628425,32.655608320899,31.7166580698722,30.3090753426461,30.5552676818595,30.2961034936356,29.7191895571907,28.5403745186224,28.9250868583342,29.2683834414989,29.6248576081898,30.4083600543237,30.7741181819512,31.4459019275666,30.2722946282602,30.3208684476491,30.3399445114586,31.0094274851289,32.2147728653992,32.4006366630591,32.4486298960237,32.4445331196616,31.7238417339405,33.1628167300701,33.2642678742256,33.1783331017367,32.8262541840497,34.2882625132686,35.6030321982869,35.0875068406944,36.5228760868368,37.3155980985205,36.4348404078369,36.2477899823702,35.2460729534897,36.4735993416996,35.8332383239385,35.7933926278383,33.9468648906865,33.4999979126435,34.1004468959006,32.6063891443178,32.6970672706083,32.6366798019402,32.6327994647008,33.8184636472506,33.0469818090671,32.7387371406544,32.4940855968672,32.734063340321,31.3853564137893,30.5061306609213,29.9380418893239,32.0278016128592,30.9827636761626,31.7850673183427,32.0472971852575,32.930913817584,32.2210677324141,33.5639048212896,33.0711501244733,33.4782626368011,33.9686245456099,35.1743851818549,34.5212406074415,35.351707439584,36.7640093242193,38.0964942688262,39.0861864576421,37.5790483141165,38.0421008802864,37.6474192180475,37.5945248471267,38.3303247044358,38.7583895082686,39.566176876997,38.9429863985142,39.0126842639049
21.8105697725613,23.3771764943191,22.4688600365356,21.6315960539983,23.0811555864001,21.056415275331,20.5607424621274,21.4741129503617,20.9130569720641,21.4560696263597,22.0475723338512,23.1435663895402,22.6367956053242,22.681125641076,22.4484812223581,22.9402518470813,21.9429186958634,22.3135530161297,21.4040216758104,20.3178403662103,21.3432619731639,20.5431076229869,19.2533042507601,19.0930187725857,20.6184199224492,20.1883603675304,20.5147320393803,20.8598515509665,21.9671438879701,21.6734974798289,22.3352157767627,21.4186047477243,21.4672274458099,21.0537512981799,21.028019116173,20.7421037628916,20.3299218146984,20.8251658658228,21.0241979686582,20.5701177220182,20.454320138765,21.1666272967771,22.4102161665204,24.4812798433027,24.4156982367234,24.5330100947583,24.3321619339759,25.8955367631331,25.3693562588136,25.1396514263902,24.5818090426635,24.2750951104137,25.0902108110719,23.989787309827,23.3659013010596,23.4122483689706,24.0060802640717,25.259339136017,25.6229727652236,26.978541957823,26.3820038738682,27.8371618883971,28.3407427630625,26.0223920641958,25.2385453538657,24.5641419632886,24.4591791584175,24.8475639899399,23.5644404717349,24.5985144345891,25.7420155557432,25.8798462152423,25.6366618074226,25.676737758804,25.7633254745448,26.5067056051141,27.2787463236534,26.8107198664042,27.2745519419898,28.7702578623741,28.6144503449723,28.9314995203452,29.1582116856099,29.2838156648013,30.0062171722809,29.6900809196519,30.92044513528,30.3436901426453,31.3013340002284,31.5759362825342,32.4359750434695,32.7451799942352,33.1493798907662,35.566937535594,36.5160718339943,36.8198476650759,35.4042027797061,35.8247627198456,34.4901198727696,33.9814195475553,33.144075336015,32.3909213447502,31.4397257148904,31.0330202024421,31.534137764373,31.6503894346318,30.8498580332398,31.3499713549144,30.2881131898806,30.7016340284233,31.4727072672188,30.7188290321304,31.2943727599704,31.3900257374555,31.5627648856731,31.8102276063774,31.7287426060697,33.1730143917023,33.0973875813785,33.2547186379721,32.7298765943834,34.2979492342868,33.1038070495376,33.2763465964649,33.2283622310911,31.2653186828348,31.4712774488314,30.4088069142547,28.8128251043651,29.0826405236667,29.1616067302482,29.0634477201945,28.3745991282976,29.9289969648683,31.1712385482478,31.4305047112108,31.9562807763424,30.8804142609281,31.4813864438519,31.4925542598871,32.5476410045794,32.1291827363117,32.6548498010263,31.3897722447815,30.8588312454062,32.2317750040616,32.309687888726,33.5716537861301,32.7343960338514,34.3065559508996,34.6201694685202,35.3572788569349,36.1724555887306,36.3560139103311,35.4431231183224,35.9677850857595,34.1974408100126,35.3124830793069,36.2257219954831,36.1679219258355,35.2261719232772,34.8154998517376,33.6951794586959,32.9984880460205,33.5743443914957,32.9463782291782,33.3041708809013,33.2365265528302,33.3005037498288,32.2774726602575,31.5915735144209,33.3198675214398,31.0234738065554,30.9026796558165,31.338028700642,31.5050541263595,31.5050965419525,32.433449156493,31.898910797926,33.5133492995808,32.9148923207164,34.6058640351681,34.0283199521565,35.0002857161504,34.5134931793499,35.2313574981135,34.9026016518734,35.9820753658117,38.0459565007926,38.8093647641951,38.9103320028907,39.0360883528304,38.9261064068342,38.5088845914164,39.0638739026095,38.3372985153509,39.8716520407033,39.7000156270445,40.1492919158364,39.8256303611939
22.180172181071,21.9252108604678,22.7192677288179,22.6518344606308,22.3448065236244,21.309969482794,20.932743061699,21.0273738115501,20.9357091255691,20.5161638461486,22.5696143605533,22.2227499554905,21.4051772444811,22.7698057845663,21.7992426359919,21.8884508288446,22.0447464032904,21.1891859247515,21.229803859219,20.7756474770306,20.0382933663698,19.8809475427723,19.7873216488883,20.1448345844981,20.6455449438706,21.5575208927005,21.9668291686604,21.5101114082358,21.5009719602657,23.0957103338786,22.5222006514745,20.9549050682271,21.0653951218533,22.2035630014824,22.2036273120945,22.1844098277143,20.6973644651344,21.548355904562,21.3549175128957,21.033150359706,19.8318899998095,21.6145362547932,23.74989424901,24.6171245365362,23.6631295274769,23.7823060880676,25.0202875509523,23.797961295846,24.9397591199661,24.5385475985971,23.002344311646,24.4221329845994,23.9588214970463,24.1535712510176,23.4741208725741,23.0759383933989,24.207287899446,24.5986943424622,25.7661284910951,26.1358758885459,25.7920703171103,25.6593249577371,26.4485732713852,25.4559750352645,24.3107458083823,25.4044650915074,25.0736055553923,24.6555599144511,23.7859392132404,24.0413196360479,25.0385670105709,24.8383757282146,25.174949464907,24.7938821180719,26.4521444830188,26.3677104374077,27.8910878293183,26.9745996077202,28.071146562795,28.1648362982836,29.1216521586154,29.1317150020845,28.5742876619981,27.9345381853719,28.8782176008325,29.090841422196,29.4096248776662,29.7400883336508,30.0449142472795,31.3376614078743,32.703671973888,33.7795662402826,34.5014259434022,34.706317288317,36.66232841779,36.7964307796095,36.5944783685944,37.209242783078,36.4224518286152,33.982933454091,33.4253728511241,33.6774173748324,33.1780952495771,31.9271028812012,31.4634928258098,31.6245363923473,30.852758040428,30.0889028831438,30.827883218069,30.7587098988274,29.9990732745033,30.1806300808303,30.5279453753696,31.2408038684748,33.0423246318139,32.9482612614514,32.8154385447842,32.8263960187257,33.7008441278762,33.4419160366313,33.126291225419,32.869645121017,33.1711487941238,32.7258560905733,32.5080670383052,32.810755134036,30.9616997555712,30.5606250445716,30.3917165485917,29.8583999230702,28.7930009574464,27.889289232005,28.75261828518,28.3707550506816,30.3833023367628,31.3602526429147,31.5923404183772,32.7607972182427,32.3090269025877,32.3649795450157,33.026268974742,32.6065036658935,32.9583998612219,32.394346550996,31.4117577779755,31.3409595472269,31.156719807604,31.2224220511503,32.9342238349572,33.3934363211936,34.803682921322,35.9033124556766,38.0414175543604,37.112153952639,36.6044070331565,36.1080358237232,34.1136903972419,34.3062484913663,35.5901963496279,35.9520427083463,35.6605718725276,35.830271511774,34.5474413409214,33.4973263378677,32.131359087236,32.6980623872861,32.8909941067462,32.9824171940371,32.5184764182995,32.5386050595073,32.1906015346568,32.184137340726,31.5656581429147,30.9176151986073,31.0687400596703,31.5939589844455,32.8067471683244,32.2679619114789,33.6285178572384,32.5826674650373,33.1335919645926,33.1242551150342,33.5883637361887,35.1615198160392,35.474521738274,35.6182337842737,36.2595178461956,36.449315477058,39.521329163488,39.5265435758727,38.1749237620655,39.3394572170171,38.3516830263591,38.5021582240203,39.8948920450153,39.5195619246757,39.7532439764426,40.5141783219891,40.1250335848091,39.3236137083717
22.9235881490644,23.4131003500485,22.0726786636968,22.873300134578,22.7258700387215,21.8023445679179,21.0094609944405,20.5560233901913,20.5086297282053,20.0424477809571,21.1702239035658,22.0561942433533,21.6479789267793,21.7145034845579,21.2942924789334,20.6553721954504,21.0769695172643,20.9863739359746,19.9674522335489,19.1561564468306,20.8517762678002,21.0685270798808,21.6407649072742,20.7840833389794,21.3517482209659,22.1378362422366,21.6982246239446,21.9163380004174,22.2047876371877,23.095029099371,22.0884009586029,21.5222800512066,21.0754453647847,21.0330307156464,20.8488037628987,21.8257650648604,21.7607221609508,23.3066472299908,22.1846423135306,21.7114251447024,21.5676513423465,21.6092538882345,23.1423129413393,23.1987898333275,23.6091078986492,23.3722167745972,23.1804025185476,22.8702091799099,24.3205358968369,23.2402046038396,23.2289901006979,23.9008347292322,23.4973827848742,23.3337724033001,23.1388806530784,24.0056592998926,24.5170723471502,25.2390031485409,24.6935920711933,25.989729388453,26.3993017903399,25.6754828990492,25.6212334719,24.7523928122652,24.6914197533641,24.8240405467983,25.6403054007322,24.7099266181722,24.114907902973,23.9065372974785,24.8282378054897,25.3149395188648,25.4152238569851,25.0442289734633,25.8108421151843,25.0557850171792,27.5927315811076,28.062890992292,27.0974817196257,27.7411922278248,28.4521074232012,28.9933643974389,27.4593859754603,28.7045332589116,28.9822220366569,29.3868878104748,28.3698055785226,28.8273481284534,32.0561562837877,33.6911811527965,33.2738821173,33.2588082466137,35.6190126412733,37.0650808908477,37.1798581565875,37.547809230716,37.599040768839,37.3175819138284,36.2845544562047,33.8911743242548,35.2108888000753,32.9047443239327,32.7982090930214,31.9857396057685,32.0077306492441,31.0815832241627,31.0683640742302,30.4725960942823,31.0179706872824,31.0033335277931,29.3230367458053,29.3977739226262,29.2452733141358,31.5005698336343,31.4337252406573,31.7465423812245,31.6290491490637,32.6902063462263,33.0449567236462,32.7556434401933,33.0093894252236,33.61907841407,33.2959857053249,32.5847953583363,32.2210876972982,32.1156041380124,32.0000056970921,31.4778784415157,29.425500315612,28.8717682019279,28.5287013584644,28.6853569856351,29.3561017498637,29.3685275236943,30.6578082061562,31.666111181074,32.2905949913022,32.5937480562411,33.1028020166136,33.3259565945352,33.0270593865968,32.7232607203918,33.4967662266439,31.8439823823042,31.3605346129048,31.7718017632444,30.5494361464724,31.7869108565512,33.3559765278985,33.1982190698064,34.3558825267305,36.310426293605,37.4425018180786,37.9271286122425,36.141947728198,36.4693372409868,35.4465649774662,35.3023260149011,36.0216650732458,36.4381419802572,35.5179538540657,35.0156345951248,34.4789870074734,33.0797107252553,32.4399445679384,32.8713110388919,32.7149361858634,32.6326781882237,32.7927551061139,32.5204639616957,31.5907923934371,31.7863505564773,31.2196874408377,30.4268798383625,31.4720520606295,33.2882652086546,33.4868821532681,32.5954985361824,33.1640586336088,33.4727213031367,34.7652905579884,34.7166731462593,35.4784280179192,35.3986557120355,35.7337805551256,35.7866019450642,36.5742460970794,37.6897602558701,39.44112064625,39.4995427643386,39.1499635849112,38.8146945116069,38.5473747915906,38.2534922460963,39.5497721028667,39.8981258169885,41.4859376577693,41.3905548977414,41.7625835301395,40.4726432461621
21.5376322145865,22.7224689783742,23.6569781402183,24.1841166894313,22.8407228057533,22.5242733384198,21.5803331825581,22.3020755331957,21.4331359918141,20.4565792445221,20.323769569391,21.1783460136641,22.1723391134097,20.1375098949535,21.2216398780726,20.6409829357015,20.239199264628,19.039011979785,18.8915028915443,19.6779393329568,21.0317124237741,22.280975280293,22.7557262783508,21.6807319597559,21.1153591031272,20.8906134857011,22.1046143198578,22.6166237712084,23.0308081497259,23.5536117059493,22.5539140266489,23.3989745972411,22.1116162365709,21.8635005567503,22.1737025026584,23.0309265129932,23.0338348831823,23.5896901845878,24.5467285141242,23.9287927194711,22.1274749855928,22.3525015199952,24.0944673459765,24.0498048987564,23.3285552567591,23.4738383848269,23.2337043344028,23.6423092920688,23.9789241981943,22.6594070247778,22.573369450261,22.6042556241938,23.557786234135,23.2057174229245,24.3552369510015,25.0850244884491,24.4447450940189,25.5446039819941,26.2541761651245,25.3982929763095,25.8066318790523,24.8864876645706,24.771343421353,25.4459733735839,24.4856495260441,24.7086589371383,24.8676621551617,24.5301215605085,23.693962776425,24.2038106440673,24.4973137082318,24.61866837856,25.3159911047317,24.454414924986,24.0839488812413,24.6516867313992,26.2680349261973,27.5503076723084,26.8458005088471,27.7588516595483,28.7947985364461,27.3900144701171,28.0729506192554,27.4500861204515,28.3440699867832,28.4593106765196,29.6585474514489,30.3407719526114,32.2817057141297,33.2328575747928,34.2252819090126,34.6548238515534,36.6129291130912,37.4940018503745,37.3736130276247,37.6553220583832,37.5463418074673,36.3221708831879,35.5956774345247,34.3457513242796,34.2528254850123,34.1470926392105,33.5243139728699,33.2979589995424,33.2739532252225,31.5148650047244,32.3394759139649,31.9300976892947,31.0462997642569,29.8560150455555,29.333727040782,28.8627544118953,28.727138134711,29.3663002882103,31.0154123346349,30.3737175701803,32.1121258242899,31.7539587483511,32.8152322635739,33.5672663085803,32.9536078096278,33.7006987534988,33.2816829501624,32.378935401661,32.6264260555662,32.2485581928256,32.6365506720707,31.5114105358496,30.695385887061,29.7545036235448,29.7700387593123,29.7265243992386,30.427923252345,30.2515750044208,31.1017060627271,30.410367249755,32.1615166498575,32.935383292657,33.9681927126604,33.5087207295411,32.4893100193563,32.4544806905215,33.180042088044,32.1517050850676,31.3308610331675,29.9755938990168,29.6243100810981,31.2871123598701,34.1030443117162,34.8590380492772,35.6411082542237,35.6051673611612,37.0625244977735,36.8733968467894,36.4657794262581,35.6079735113333,35.3659431849861,35.2764024940164,35.5645372171949,35.2446919729794,34.0620740246128,33.7163585022199,33.1212333504282,32.9247521548609,32.9989439494003,32.3595889654243,32.7628443773786,33.0139516826857,32.4424225282197,32.4186852210849,32.4314096860872,32.0557973480184,32.1267429907062,31.7671801915666,31.1915841229894,31.6372224535053,33.8743294785091,32.7664322637293,32.4946116904895,32.5394261699652,34.5736596602355,35.6636391647668,37.0400659109315,37.0525719910388,36.2912572668529,35.8120398438572,36.0741746416272,37.9528361502858,39.5396682554236,39.9031973904616,39.3952984772299,39.5586998480985,38.8603035930284,39.4020110203861,39.662413374634,38.7171376417137,40.6823164916226,40.8407450552296,41.1230081224256,41.764301694933
21.9474608677408,22.772153536288,22.8746235964048,23.7122243662894,23.5902794475309,22.2094543881755,22.9621129709012,22.9834067988812,21.8942540258649,21.2085999432089,20.8157140611581,20.6331512591697,20.9308002186706,20.7102296648201,19.8383066818485,20.1517072272435,19.8261388784926,19.0786595232668,19.8032822498038,20.0837224230967,21.8887739588178,21.8773940689854,22.9945090950882,22.1048767514239,21.141235125445,21.610922508163,21.4895103494855,22.7644809992848,23.8371862701185,23.1442072478778,23.0279277048862,23.7558983458738,23.1633592100106,23.0504926282852,23.7850226274416,23.919903483129,24.1180278356539,24.6740343275404,24.6564251176822,23.691371565081,23.750474073211,23.181804801514,23.9117452350713,24.4098764248523,22.4411669079179,21.8675039234595,23.6039171833954,24.0593257874652,23.1795104867379,23.2877173105835,23.4488173498057,23.5678130585033,24.3867402431026,24.2234745602062,25.0294587693025,25.8064107735653,26.6589516730704,26.5767577447537,25.8865046061391,26.5771832907051,25.5221758154391,25.032824967207,25.2230666066591,24.7839951356105,24.7305534127977,24.4045212395061,24.8381633698578,24.8132111044954,25.2840470785831,23.7152193154501,23.9822835986955,24.6980828919271,24.9599764485223,25.3143099227584,24.9110074374377,25.2371382096402,25.4189430741787,26.7520440461627,28.0553378271903,29.6465026147932,29.6635795111466,29.7175765500485,28.2582187661402,27.261276430548,27.9759883444318,28.0985829631943,29.9972401855898,30.9500721277258,31.9001077223788,32.8897498082446,34.1624509137961,36.8496450711798,36.4871040044368,37.3416833551271,36.60960278985,37.0402975944141,37.4574576081034,36.4025061727348,35.8426406513126,34.7204067071469,33.5517836767172,33.4035990710108,33.601853880069,33.5038604917279,33.0717962143545,32.8122440474842,32.344698460792,31.6934340871018,30.3756603616813,30.2235195155944,29.3946400721446,27.6161017417374,28.0729984852232,29.0097147274263,30.178379812421,30.1737606325608,30.7765906491065,31.3473715816765,32.5943763198982,33.560156321345,32.1797935193387,32.2664359294029,33.1939212295695,32.8037729576613,32.1863970049716,32.0786084994974,32.8807653098271,31.5478896011105,30.7420842708093,30.6765213051296,30.2840528639729,29.6037001364241,30.7626972876664,31.9565186339276,31.6197908754932,31.25926492242,32.0372124439296,31.9942870101776,32.3413635885403,32.9764300095283,32.813288069327,31.7308875604156,31.4908939842381,31.1103901303335,29.9123590915696,29.4813970422617,29.6804596806105,31.8600494900229,33.2919293822104,34.0468470653068,34.3007599443036,34.5447788490396,35.6661932659662,36.4944143941083,36.1057585609236,35.5245829452133,36.2436421044458,36.0583550670325,35.6330977859875,35.8919290370664,35.3132142769527,33.8921003477759,33.5911827504601,32.9006288596361,33.1720972964388,32.0878319992341,31.985672379472,32.854936624278,33.2551291939171,33.2882774082146,33.2454297556984,32.9991623499745,32.0174240645026,30.7975236477925,31.0589853038796,31.7477933318029,33.3170630247849,33.7743236542511,33.4226069163949,34.0150445609196,34.9247151293961,35.8038404645154,36.3384874601315,36.0517732899904,36.4025215917224,36.0850348661366,37.3027670529773,37.0440158589619,37.6469415956541,38.9876973231463,39.9087233654817,39.7275913968689,39.4171183830693,38.8309801558109,39.6072121622358,39.5416169995289,40.2140747362716,41.171549535343,42.4385249135332,41.7886345470104
22.485067208046,22.4567434289729,22.6922330507367,23.9513844705726,23.0267049264654,22.4914530301841,23.2751384735816,22.2825068934967,21.6027268716552,19.9592539185193,20.145026878949,20.1945301083576,20.4922609123002,21.3110180864238,19.2646485960863,19.924932025492,20.1698774654465,20.7349581475509,21.1583854463638,21.1735144742864,21.1597822140453,20.4605186905853,21.1288858955746,21.1977881826622,22.0604583926151,21.6955974599968,22.6750464366545,22.9796450361732,23.5131387600155,23.907343273497,23.7145173466188,24.5542973954985,24.4553277134635,24.1393233153577,23.7426753515823,24.9610825644811,24.3991731015151,23.8930986850268,23.7631995329778,24.2070319685741,24.5074288055543,24.5062931660098,23.5783689374453,24.1684667235204,22.7568079142536,22.7604025099513,24.2598079949242,24.5896537959466,23.8578907263432,24.3937830469821,22.896711097352,24.990729107763,24.2461503772176,24.0627736354419,25.3635003405951,25.7033324090957,26.410629116752,25.5274004819847,25.6380580816621,25.0169737147155,23.725066193142,24.5267914375344,25.8551449355791,25.2727763234113,24.3727075652138,24.3700705578196,24.6645700907941,24.5768062601403,24.7307059077731,23.9110949230255,23.8090486652312,23.427573704926,24.9162228419865,25.1036180269425,24.1990345949611,23.7873608984132,24.5839270689182,26.829824212944,28.4512605079694,29.7552501437489,30.8028374211641,29.7839831052495,28.9577887830623,27.8340616817569,29.2614954570956,29.6432466502864,30.4738634172409,31.0768496818659,31.015201541187,32.7389638253692,33.574091231316,35.6431406480322,36.1998417286476,35.9937257213727,36.776742775341,36.5177821771081,36.9406781007115,36.0448261641879,37.1520279517981,37.4696082888746,35.5931117031047,34.0569822915094,32.3022692249193,32.5505842012958,32.5921366295346,32.0938730654492,31.8632559616596,31.4154893196986,29.6523618344437,29.3232950906433,28.8541199936686,26.9836188224597,27.9207703573392,28.1327676991113,28.8167898430038,30.3605309657924,31.3846397872829,32.0056636217412,33.3983167093861,32.4410818254652,31.7470708051572,32.8829651549913,33.3484796301918,33.7447809202834,34.0273668104029,33.4357047063084,32.1718008627215,32.5199518429021,32.8665007012678,31.549107931753,31.6722685940804,31.8363027206125,32.1547245283126,32.9215318656018,32.0400885620059,31.7162890133811,32.1998051076684,32.0175959912059,32.0659075290971,32.6555992754835,31.8318601280257,32.028103098877,31.1638974702857,30.6346154568539,30.4525133460859,31.4738963912626,31.1708283723403,31.750697047431,32.8074375604719,33.6144953386628,34.121234368564,35.5442420526731,36.5116375100197,35.9257519429838,35.6338393338498,35.7232304761232,35.5631795850954,35.5301122765697,35.5485848337135,35.17442873964,35.4475598859689,34.1599005929486,34.3821487549185,34.5207968505573,33.2388979266161,34.1576814450633,32.6456744763415,32.8730411055086,34.5271787175018,34.0346197589315,34.4203269728422,32.2347324801385,31.6092263446839,31.3825918315986,31.3953688670815,32.2810331439602,32.4263969147645,33.3324807647316,34.5700206929642,34.7192165918637,34.5793979615059,35.2854035214067,35.7743166693658,36.20468402737,35.377626639198,35.9025431657877,36.4723947010399,37.3115918152541,37.7333642272043,38.6594604010755,39.6469703157269,40.2399901597146,38.8376873195334,39.5027462805352,39.0163752096277,38.9523197679011,39.8826770999829,40.3087362512825,41.3558232648207,42.2199649608152
23.0636050641696,23.484759860681,23.0998290398445,23.5503868701165,22.6183389514945,22.1023576105408,23.1605170790245,22.4421285169561,21.072113078386,21.1518287718101,20.7417244013569,19.7500348095142,19.8094700099852,21.1274057232676,20.4442852051857,20.4609686797297,19.0874783365085,20.6029366695851,21.706096439268,20.9849392202006,20.3561037649409,20.0607154557998,19.8139805209671,20.5251447562399,21.3486424679541,21.4397478809801,21.451300194068,22.4100458308093,24.2331481418515,25.6382846680212,24.4096885090493,24.7774531712895,24.666510663571,24.7587709042655,24.9407398636698,25.5301433976439,25.0720797632231,24.0264482794003,22.6355549002373,24.3736567776952,24.1075006633919,24.8602338856892,23.6549152120748,24.8895817433356,24.3340607475827,23.4115445608966,24.6338214311913,24.3491354986268,25.1181776281373,24.9795486421754,23.9913653968038,24.6264955586523,23.7363367814606,23.6023973000455,23.6417488686927,24.6348754222631,25.2758044774112,25.733928987534,24.9406009013071,25.1066510840613,25.4928349791772,24.5499744629017,25.7888135071848,26.0431558630232,25.2886441249911,25.0109937387839,24.8500939148838,24.5698738267283,24.9212285481096,24.2436775346583,23.6874422389672,23.7190280912299,23.928734853737,25.1118419488854,25.3134195722209,24.5690908167501,25.5131282750313,25.9065990944726,26.5452407081491,27.9342519152646,29.926382459531,30.5972962241791,29.9646790039022,30.7999337565101,28.9002976198637,30.1047057984616,30.4826160828784,30.5318511087899,31.6840691255955,30.4595718870929,33.7322292673997,34.7310596301507,35.4131884059755,35.5539822398623,35.9843704373185,36.3527712958999,36.5979634210285,36.4497264980563,36.8503304408108,37.3273622776557,35.5789494336252,34.9279135717406,33.5019459974136,32.3890514421985,31.4376495830108,31.7995052932682,32.1133011857101,30.9137316857434,30.040309831196,28.5043226289095,27.6462060533851,27.3117823071821,27.1603564763903,28.366645116841,28.7275437169937,30.0259875607027,30.9813958325792,32.3702767416448,32.4574733883203,33.5534042360837,31.8882024914728,32.1018957582888,32.9460877963067,33.6312385949934,33.2334656913974,33.5193876439525,32.8482393491595,34.7799106165327,33.1826420079246,33.2754164524759,32.5908396256205,32.505935761297,31.5258221348491,33.2582980150559,33.6616077618837,32.9856091317454,33.4705027459053,32.507878805927,31.8948401194207,32.8244904754452,31.0474526623809,31.4637266154246,32.3556336983939,31.8637724952918,30.4533413855193,32.5561795878916,31.9845341799927,32.1884478891316,32.8122743489647,32.9430681008421,34.1518596933516,36.6394206976852,36.5507505170729,36.8143668985886,37.0633233670501,36.7161980965771,37.3252987667614,35.0061655842651,35.1581066796513,35.1207666256131,35.3182474929056,34.6297748439508,34.8874423107914,34.6222221442989,33.319447795631,33.7081601805101,32.6550619969404,33.2543842124752,33.9475213374968,34.5208458477242,34.6709526240252,33.0987756209869,32.7961736009898,32.8749772273579,33.0688111356666,33.6210750863419,33.9319376614252,34.5739570564766,34.7834011135776,36.5734509020154,36.1527979695674,34.7452964627101,34.5543540182763,35.3424309666874,35.8892323223319,35.4711634841865,36.6681111654751,36.9506548919132,37.8388940025915,39.0983596671688,39.6831446409073,39.8043748261373,38.7161395103286,39.2805173189922,38.9588139242527,39.103694765539,39.1867980189529,39.7107217211985,40.8717568012454,40.396682324698
23.3642270621078,22.0477267993731,22.6228996856155,22.1348655209419,21.8596417478416,22.0541367754699,23.0995480668877,22.6999529764397,21.8445239265582,21.4753865347417,21.8288054760761,20.1948059614637,19.8871476092861,19.2904948207822,19.3060139189115,19.0914359766062,19.0619264758559,20.7316554368304,20.0542695103599,21.7635000892004,20.5709506341227,19.9871223651068,19.1288083313271,20.4789500164211,20.9629779328332,21.4730182355952,21.3591623575084,23.2702789858368,23.5239142861672,24.9515236473971,25.4876097945296,25.3750379504921,25.5168759087305,25.444219352781,25.3781279511782,25.0447867031918,24.4389944494159,24.4051547318187,25.1700395458236,24.5820786849684,25.031521377086,25.4463707330628,24.3215162180771,25.0243135573526,24.8588903587602,24.9589228385303,24.9014766108071,24.8488576691591,24.9886258965106,25.8317248817026,25.9140276014988,25.9418205525752,25.6168167842377,23.8154265618842,24.4499813773826,24.6590410567269,24.7965633040832,24.7886052531009,25.316661229902,25.7442882215774,25.1563467230165,24.9133185996021,25.8626640568914,25.4730340584176,25.487231042494,25.6781873271067,25.0490039481253,24.7223791419175,24.8102625347488,24.0415696706021,23.7662065340839,23.7898667625738,23.4543304990009,24.5449529952948,24.7709929075151,24.2516475441749,25.3645857842747,26.8522196787881,26.649915297778,27.3065769295876,28.3669433928377,28.4135170759978,28.4874028135877,29.3842211399095,29.6367359567107,28.7421823316304,30.6180630229124,30.4355437752039,31.2613466497532,32.1916417217942,33.879199822739,34.2221154060786,33.4706451321165,34.7269376543755,35.8023358668044,35.2751488693512,35.3709539194262,35.3699341320205,35.6488386136949,36.1866584333046,34.9217600378409,33.8986786925199,32.9322289168713,32.8636331385129,31.2567623608505,31.4837021799485,32.1104888037933,30.8531361090491,29.9021928477211,28.1167557086854,27.7265285636062,27.0045742418729,27.0703093956666,28.4436193164482,30.0260400615731,29.8442456985991,29.9814399091991,30.5325797921747,30.9822257044566,31.4060631845615,31.4495721242062,31.9640111930304,32.4970924079785,32.5356544291534,32.8792909226849,34.2752253126034,33.6054649009066,34.2593966109262,34.3848029937492,33.7794011978621,34.4757557279712,33.8010648524858,35.0537679167537,34.4382631680846,33.7174584920569,33.6253363574442,33.2329628636458,32.9976502224444,31.8473403777098,31.7863085383582,31.3685384003289,31.2794729786253,31.5530414548533,32.1375113555393,33.0159267375815,32.6563447644392,32.1242334720781,32.4513316971947,33.1675569531677,32.8604389653324,35.0347243048049,35.3969370495811,35.94579749405,35.7980432480553,35.5588216280363,36.4984244910922,36.650179958131,35.9395068367164,34.8263556518492,34.2949173901311,33.8134258088445,34.7799449269789,35.3950148375634,34.7386440296847,33.1176247964091,34.1070596787841,33.7728696406899,34.2983350658406,34.5820399043827,35.7771440986866,35.507865203276,33.9849958538347,33.3304179461356,33.5153673748907,33.3279677613901,34.4011928780006,34.8659886021725,35.1704421743217,35.4269349380304,36.1539121603742,35.402018003256,35.3371342758124,34.9133303070736,36.017222270903,36.0872205809126,34.7902997581492,34.8826592988511,36.8135542359785,37.6510696773701,38.7276542562256,38.6211917392925,39.6050456604342,38.6108714015704,39.056039978807,39.4594471555021,39.0320870404058,39.7973040137698,39.2444356003579,40.2910269630247,38.6027641306347
21.9489824119313,22.2689571467378,23.0547083729402,23.0006191680888,23.0635406148092,23.6497559730483,23.0150757495939,23.2160845750205,23.2434662608907,21.6419998923881,21.0742083884445,20.8270225497796,19.9211894323561,19.8068352487712,19.5646418187668,18.6576009926574,19.3510526805539,20.2915726753324,19.5675934452752,19.6133133812558,19.6323356174162,20.3319376976605,20.3284751638672,20.4317552612513,21.4195540314903,21.4651373960752,21.6795005646484,22.835085495333,23.0090348539056,25.0477506522607,25.561972265374,25.7570166764967,25.7372520166555,26.0568574214216,24.5949133556328,24.4661879163863,24.9916134615409,24.7465960073936,25.2038014660557,25.6206265460694,26.5363152976657,25.1840460135161,24.6977260806715,26.4923984240183,25.5130849133373,25.2624526190022,26.2307127267723,27.0098114507482,25.4373029931978,25.1623478789313,26.3958372884863,26.5996218974302,26.339586340345,26.0760008794477,25.380579508739,25.1273417709673,25.1053801106148,24.8125202023996,25.1780529679576,25.6174402997837,25.7301264798102,26.1654660653298,26.2034241372568,24.5799818685015,25.4895198798305,26.242059852424,25.3958524765927,25.582936469959,24.9712440260784,23.7185123079065,23.8312144783087,23.3977030416092,22.8527408444617,24.0718439561652,24.9125178368957,23.9547617630187,25.698500247894,25.2007573756828,25.2366458245252,26.3564482779258,26.1705689170265,28.0574768372394,29.5677309311706,29.6797569283676,30.291252728826,29.7914885289644,29.9811906074115,30.0063980515852,31.3971542645182,33.1187258650478,34.2345554464584,33.3331503644141,34.3536668596642,34.841561832444,36.173010170823,35.3918378199555,35.2676120440792,35.643876501903,35.2519962731649,35.1931976028335,34.2582290832771,32.8701867985541,32.8382244684867,32.7547924220532,32.1687541197143,31.7640575889243,31.3472216794813,30.5127521143279,29.5005558532462,28.5834001264594,27.7994090269177,27.7480495405635,27.9144390986707,28.3074757857541,30.141322899568,29.6707262929119,30.7658994998356,30.7235195208134,30.4700964730063,31.6525365321204,32.2063905613274,31.5055202456003,32.0552148568094,34.2134767128926,34.0240127812202,34.5624637774804,35.1414982074229,34.6333951842779,34.6009313763546,34.1033715791297,34.5235155323655,35.3052655647967,34.5388248796229,34.19320303413,33.422476415397,32.9060866430934,31.985191464004,31.4574233012794,30.8743137282871,31.0409612189267,31.2284512884533,31.3504851362851,31.9684235980327,32.0680353929339,32.9844670870717,33.6952087005298,32.2685534934021,31.8553005894858,33.3400152844402,33.2314849293964,34.502381647271,35.6850650026827,36.3288261534378,35.9977613930708,36.0585879706856,35.5519776602348,35.0475288076443,35.5463619336946,34.7446614790131,33.258769123579,33.1046743593927,33.6753743527837,32.9474445430498,32.7706298881621,33.139089822946,33.9079093543399,33.764926514416,33.9192770330177,34.183570695887,34.3107011595173,34.4671862037906,33.7084943186391,33.4793020711578,33.7098047636053,33.4052589964816,33.7635505662456,35.3052782799378,35.6784230413323,36.1886705589189,35.3892210234501,35.629218879652,35.6106087904965,35.7592588457903,35.8298382252766,35.7787190072153,34.9160268424436,33.8897247696649,36.1063617400863,36.8856187182229,37.1586162314788,37.5076244117134,40.103466401153,37.5246503929143,38.3758478499877,39.024741685158,38.7366540017053,39.5979494322195,39.6358856784615,39.6774023589846,38.9250215317949
20.8554322197561,21.3358426052429,22.1422154186212,23.6638608230763,23.6332523567827,24.3983606232563,23.9354448013109,24.3310931975899,24.6662950942107,23.8962570499603,23.3814678311686,22.5578017692408,21.8360899955863,21.3383681898043,21.0918745175423,19.6290282313185,20.4159437380999,20.7940950317788,19.9894908977086,18.3866159008059,19.6447172206422,20.3034836234548,20.6452211346057,21.1657049801258,22.2636915599735,21.3058794327911,21.060905964276,22.0712976330384,23.3131908233301,24.1685090637635,25.7355288371406,26.475066025926,27.2287373969435,27.3240619385794,27.0723954476221,24.5486206157546,25.158023093438,24.2426250766794,25.3126061066254,25.5822993157,26.4847402315391,26.0961247845585,25.3901922404761,25.9497328349641,25.8253313848164,24.7379767360068,26.8654983763061,27.3562696468336,26.1039270404304,26.7082693690551,25.8388543227572,27.5301016193331,26.4810590085325,26.333519113075,26.8168121821572,25.5937971468196,24.582548193528,25.9236065949098,25.603229072604,26.010370445691,26.0957801525762,25.5413839721807,26.1312317698738,25.1886101161009,25.8339056273912,24.9307276548433,26.095766398636,27.133830110761,25.352125482045,23.546497140517,22.8718520052552,23.3959223856592,24.1353334135356,24.6474973495838,24.4926047296224,24.8021981132153,24.5501365545587,25.6863805639729,25.4082851636827,25.2963081567087,25.6837249651636,28.3190861352549,29.2391079063515,29.310376528641,30.0270478800695,29.254793726243,29.9741846813094,30.9791102558,31.5828600362183,33.0140251361918,33.7863777429504,33.639534988486,34.5519564479209,36.3544391694609,35.5464160997819,35.1695315649942,34.9183155994027,35.9007645066804,36.0181719766256,33.6878108000414,33.4223856897924,33.4359994958243,33.9432781478194,32.3647557351054,31.7619465843229,30.5932933877593,31.311413685618,30.297423506528,29.92837714462,30.4970162015076,28.4518321277929,29.4253430484968,27.6451923043523,28.4012418539462,29.4182277149173,29.6831761654751,30.8343274055416,31.1452001036777,32.4787103160534,32.6550549536864,32.1210965245485,32.9782952965407,33.6239915716305,33.8024438210521,34.2298770526534,34.7602419259839,35.7931319077938,34.6998234089847,34.0701233280239,33.845844887864,36.1487827438078,35.0511972447049,34.8539923822395,34.6173074858286,34.02342615219,32.8321033621752,32.1096868303197,31.5391538587706,30.5981314987966,30.6714272667629,30.1747864424198,30.329885204495,32.2243201799223,33.0553117593222,34.0485859882187,33.4273122382505,33.58221560452,33.5896893976998,33.5178236313127,34.9737931253132,34.951911989569,35.5472144952268,34.7990289298869,33.976154374642,33.9587657160979,34.1439603993109,34.171192722089,33.6199931533754,33.8680998869225,34.2209393659037,34.9396182626472,33.9028226438584,32.5842614074423,32.5645345036179,33.1420830190689,33.3863443618549,33.6220108264103,33.4346870266813,33.335516249246,33.692529970695,33.2528051777087,33.4843987214684,33.8905499804219,33.3039066938065,33.1565772177748,34.3401051402844,35.0409183293312,35.6251136828314,35.3516292493862,35.8251560548927,35.698430146015,34.6872411643041,35.8669634735032,35.663211047071,35.3342064407352,34.8923293904241,34.6355734705192,35.7274304256954,37.0858208956175,36.9749386760871,37.4505906072928,37.6949701868173,37.1190449444756,37.7682123358136,38.6564455786075,38.6136460373921,38.0931579726132,39.4023910509213,40.0645205813188,40.4994054809289
21.62692184146,21.0734412177712,21.8000779708515,22.523311313067,22.6069688732792,24.0629462468301,22.9177435839438,23.4267792627462,23.0566739986271,23.6720095099994,23.7628679456299,24.0413090652622,23.2193056583619,21.5218072700116,21.0524593605561,20.6071597263217,19.5570122738184,20.7793148789011,19.1575905972361,19.1238968213015,18.3926046654183,17.7704491895359,20.3557642155709,21.8293747652855,22.4346074503556,22.0985093996715,22.2160037894607,22.3679177579567,24.5340191115587,25.6801742475927,26.1506243484294,25.555776656187,28.0955981162015,27.7910738062181,27.433092683062,25.8385430311519,25.0078135329441,23.7869601568739,25.3996301296877,25.5820871305113,26.5776456323155,26.635338064812,25.5402115011907,25.9138102937897,26.6421187033633,26.3567192327089,27.3045522118927,28.4380548006062,28.3157110707454,27.1417250798149,26.6513788308081,26.479214082473,25.8924655231007,25.5384730835322,25.5376399834653,24.5879464537663,24.641633289944,25.0575974684509,26.3403747852392,25.7347731127461,26.5860607010346,26.0628386881643,25.897387651569,25.5779326038146,26.0152134980394,24.6773306790549,26.2978011076301,26.0389602734318,25.3642865223673,24.3426080284373,23.27121365916,23.0584202032189,25.1800677338078,24.8962546479124,25.1710553241446,26.6354433845096,25.7517351855874,26.2220857024984,26.0259229065984,24.5793060476083,26.1386860019344,28.1505819943283,28.0908371265095,29.617405193505,29.3376534659169,30.2656366601171,30.4549578474471,31.1697018262982,30.9627899047667,31.1831877885843,32.1318056839032,34.0327406066017,34.6044165187718,36.3852965675227,35.4876924347177,34.278692306912,33.7129302538435,34.6349709195234,34.5150405806738,32.8551057946179,34.0375786415528,34.517604233691,33.7737595228597,32.1992967049828,31.3772857091287,31.9700568527994,31.6879148539232,29.8943374319737,31.0199068050806,31.0381412825838,30.3299577932662,28.8317705442336,28.37286384678,28.5895133989527,29.7126047707147,29.7508024554871,30.7597962153399,30.8396278903646,32.1504063611214,32.9738330438938,33.2196938568867,33.7836883570199,33.9735388139791,33.1083093608637,33.5163961628973,33.3514350013472,33.7613960138089,33.8290340375847,33.602462357488,33.6023967164752,34.7137187806067,34.6236472691387,34.8957726128665,34.2564123311411,33.7548040428272,33.0208281346872,32.4485198597331,32.6253725643613,32.4876853186865,31.6279551643504,31.1352712889088,32.5627855585595,32.7588969563686,33.9725219124972,35.1268012086924,35.2576251357885,34.7614832492564,34.9257728238519,34.846116340641,35.2125726012526,36.3694529087736,34.4714147458024,34.5063819510923,33.5974395999936,33.9216278637225,33.9134181786094,33.6864761481519,34.2668952468452,33.6004494268311,34.4228564394457,34.4467025964412,34.1420301821272,33.746616928525,33.2058296214216,33.6516507336233,33.3606631143103,33.1839684699196,33.1789148311285,32.7606944603608,32.8865397210437,33.6672947554412,33.7067029262767,33.5464630244275,33.6697674455651,34.4891005883602,35.1924349835289,35.9869265654288,37.3973423398699,36.2444171603049,35.4556220208352,34.6791337740064,34.5987700527452,34.8354232408293,36.2916847705436,35.2458935487875,34.9142812210792,34.8919806999833,36.8318557169791,36.1168781223352,37.7927998994709,37.1248976685104,36.967422888342,36.41463650182,37.4797655558843,38.2382534348277,37.836536096393,39.4062605522476,39.8278465335065,40.2837692608676,39.8848050203798
22.4260607671763,21.479910453869,21.2970819791527,22.3781661224656,23.3693803716419,22.6818081655277,22.25117476956,22.4446858934998,23.0710028666583,24.1517363492843,24.2750447780182,24.6965436441075,24.2769828189501,22.4939464708834,20.286795144722,21.1787040020226,20.0765790200839,19.9877801414896,17.963638508711,18.6230764560658,17.8435290064584,19.1488367556845,20.5649147866445,22.2706600447789,22.4665951458873,23.0744145844073,22.6672361336441,22.9490983906858,24.0420442905797,26.2227460016313,26.6867140276215,26.108263932286,27.4479463464744,28.4049315195931,26.7859718845853,26.3729260014213,24.6208616870795,25.273784940999,24.9514902655956,25.3491344500561,25.1330910372221,25.6133984373852,25.235497537777,25.5439074300536,27.5834874651171,27.3040106548823,29.0524317712756,29.2636491976727,29.2472704349741,27.817309357728,26.815649322542,26.3239244143337,25.9358289606541,23.6969911371157,24.9362411158251,24.8355556792463,26.0878002142407,25.6441309912815,26.1975419508568,25.2480971722518,24.9758471234628,25.6287203866119,25.5935234994874,25.5277620336862,25.1849472153549,25.7068422850543,25.3575378728908,25.3179201266119,24.4247284115572,24.5148636117902,23.8861827573001,25.2944635881839,26.1416248372758,25.9168785884482,26.4897988365719,26.8338907293463,26.1864974959791,26.2902810436761,25.7164367345627,25.2731989243535,26.2736358142163,28.6808241547311,28.1748289837933,29.1933355942021,30.0386594537532,30.8166000450591,30.7280426163395,30.0528529290627,31.1778075369783,31.4277715100021,31.3249624555135,32.7762716666624,33.2236890837982,35.8808056414392,35.2815165777911,33.0985735860795,32.6258916134156,32.8809808873529,33.9479331091861,33.2992201752813,32.9568803739136,33.4163109106981,33.2851065051498,33.0438507992294,31.8267113280328,31.9383927124212,30.0204743417135,30.1797889369374,30.8853156335633,30.9564757910599,31.222343862783,29.8949641392164,28.3742967637532,28.4065986739094,29.7990003693496,28.8826170062215,30.0035588407599,29.6796975165519,31.0429809430695,31.3901631722201,33.6043396779366,34.2899154181704,34.2634571757536,34.1077982153906,33.9055393868942,33.0160736760075,32.8837598833177,34.1206484205981,33.9098723643689,32.720599031086,34.0097778098568,34.3698352307085,35.2352967036168,34.5543016543885,34.4246933782223,34.3342992772183,34.2009608510586,33.9582351864173,33.0140598868608,32.0027429533313,32.2321612052781,32.8843613808783,34.1327762934306,35.0800062241784,36.5296971025501,36.328259437716,35.6645399197233,34.7127346610305,34.8418739525725,35.8239402311319,34.7102937566205,35.1506729765489,34.8872367855466,33.7157315236569,33.5151255262884,32.4269041413637,33.7814137056439,33.8610796107912,34.0520565784236,34.9705946317609,35.1282288400072,34.9034239617786,34.8072848268234,34.4463864593557,35.0435873038836,34.8413804914675,33.6340465128259,34.1267115582168,34.630382760333,33.7393878390644,32.8913754499465,33.281354280031,33.6081002849771,34.9658188129674,34.9655851080127,35.7111336583433,37.4032806914026,36.8365669091378,37.0839851136576,35.8461442585162,34.1824620504596,35.3191764008205,35.6657483764598,35.7269192858399,34.9244583399035,35.1818838310303,35.3766743991095,35.6893806759717,35.621966017176,36.6271510240687,37.0804394999019,36.9114237793679,37.6002883055621,36.6080770611491,38.2645428813971,37.6826271890123,38.9981655407627,39.7050875819083,40.2373244232959,40.7151252439989
22.7239572676488,22.795251614223,22.3244213565279,21.4903246450629,22.6109973618159,22.8224712031136,23.0721664418683,22.7712075290646,22.6986995509504,23.3411716073748,24.1569554677388,24.5180310608563,23.7046039854773,22.3927405820798,21.5374699425061,20.7468357755912,20.6048961076237,19.3391185600373,18.9755093250287,18.2613921183398,18.9987977133149,19.6107761950914,20.3050449495928,21.5756730715034,21.8423352060893,21.6885587827971,20.572151969689,22.1987649800628,23.3653384542602,25.5254513428096,24.6015450084099,25.7053574572838,28.0591743536796,28.1286842860826,26.6837743903375,26.9397192141659,25.8955894326276,25.9935959842322,25.3525641216698,25.7768238656425,26.1139401449172,26.4790364146663,25.9290513467681,27.0390004396095,27.1978452306289,28.6536701017067,28.8603274769188,29.328659378744,27.6855926538082,28.2381382474418,27.6280658871524,27.3266098288085,26.2309021687374,25.9262263180611,26.3701715891507,24.7305291659963,26.7070816611065,27.3769069188168,25.6844889045398,25.7382566502527,26.4751044974947,26.1283696279729,27.187692390222,26.2483374664637,24.8204787084635,26.226283921675,25.9538790582299,26.2973309156584,25.63528790658,25.2761610925369,24.6644565100263,25.4428438107954,26.3778584810556,27.3185192563145,27.8706768031674,28.1617951629902,27.7013602483913,27.9447678431792,25.7834692264852,25.2857633668389,25.552149314647,28.1346842180116,30.2089537653964,30.1012187900402,31.0271347448643,29.8558722143097,29.6151584201563,29.9822410670691,30.2103713396759,31.1997084191449,31.2042779915082,33.0405001366775,33.4226139477339,34.380213496571,33.8572215047829,32.3656175546146,31.6914617700873,31.298627568497,32.4449762751072,33.7916122407255,33.1969118428199,33.6874103339849,32.4425903604681,32.1036786785343,32.2883983978289,31.8530201126109,31.5000633470694,31.5293279958341,31.6815773982217,31.9366266645707,30.8309670036566,29.3453403738935,29.2459071948028,29.2992570399611,28.8782370578547,29.7283185549474,29.6077435188589,30.4269018507288,31.432339862751,32.167485036672,34.246470167445,33.7826831890714,34.3113977880811,33.640762180545,33.433880107968,33.9867476319883,33.3618452350035,33.7347047532754,34.3600927251369,34.1466454951802,34.997772432162,33.7107422017476,32.8387686610995,35.469171501194,35.8772969948736,35.0359805825834,35.5195787571636,34.2743484196089,34.2937845313227,34.0493992010809,33.0809583377893,32.894128410241,33.1568376101927,36.0123655365075,36.6179060548461,35.4292680063673,35.7754560713716,34.7365505251018,36.3642313617255,36.3055571911364,35.2775743327116,34.7537309766769,34.8990546559888,34.5225960555226,33.9087059057796,33.8890547044838,34.1566551656921,34.0963101427004,34.7530486668016,34.9093244798628,35.2259569165836,35.2714108290945,35.3317795909991,33.9995259144346,33.5221337922342,34.8269639251364,34.8280687259268,35.7003535746037,34.125636905149,34.7148406437869,33.2676315888792,32.6806507407504,33.5285319921696,33.9677018280073,34.3337290863425,33.982332980067,35.6431860380451,36.9582090758678,36.7521104840653,35.5868079521207,35.1746915635463,35.6637922555004,35.0907673055069,35.5638167609188,34.3620426130116,35.0302798639956,35.3355971864045,36.1917031254741,35.9403149800316,37.2782710123851,36.7762468910529,36.845375806176,37.8614297923566,37.4450451822056,37.6533909863172,37.7273779676192,39.056501650498,39.9390341574342,40.3189017302791,40.7313208800118
22.9825602268607,22.4447219026211,22.276049374043,22.2158435173851,22.288446395022,22.6417633465688,23.5191920946473,23.1995367529009,22.4421003030961,22.542861839125,22.9064116170417,23.670998846823,22.952150682852,23.5075723380364,22.9587102714822,22.4302557370714,21.2467278434719,20.3632004019896,19.6443360109791,19.6451610073065,19.2255828145347,19.5038949892604,19.8497501468699,20.3250349018699,21.2981766236216,21.4522668140979,21.8155904403824,23.1769186494237,23.1747543983213,23.7126741966981,26.0296009957004,27.2462030255735,27.2668641851718,27.3455526388702,26.6505493417554,26.1079023908798,26.7486268061105,27.096537468362,26.8665770267188,26.668129474291,26.9517431799649,27.6937620316013,27.733177291008,27.0477784034259,26.6097337933192,27.36267190774,28.4633291927487,29.5166223145045,29.1824099943544,28.6911005344733,28.1635810301839,27.1822390599893,27.4398937527471,25.5748312137475,25.8301819004251,26.8808520636085,27.3433949684606,26.4709241689803,25.310534902323,26.3625763490344,25.9309844003395,26.0360706191937,26.2478877333576,25.3241063877941,25.1016799459149,26.5174440827763,27.2513433528525,27.2313513788286,27.2980334848036,26.5321338236267,26.2306337503028,26.3979794909394,27.0132793534191,27.6254857717401,27.6024219107804,28.4048458044925,27.8786692223546,26.4253790099092,25.6097115346247,25.2718197612868,26.376650956109,27.6233721179372,29.3732878666449,29.8775357534779,29.8721915505702,30.5477663087006,29.1895484047019,29.9801146059469,30.7457838102685,31.6182358815327,32.0764667318046,33.4083430962546,33.7004917256937,33.0251569804597,33.4347111328739,31.3327387699434,31.0548288061286,31.5027320380512,32.5826544817402,33.5988377970227,33.551739629127,32.906202721575,32.2115031160028,31.4721107775268,31.0148569925855,29.7307483563006,30.5209232576444,31.3156848785241,30.8744613961916,31.3157320963364,30.9753560639289,29.5576553030394,29.1033978538127,28.2085465358916,28.3045790556783,29.1907172327683,30.2727555287167,31.2977357209211,32.3971171206005,32.724407149846,34.0009289598844,34.3005178492761,33.3845902684799,33.2813090433685,34.9660647063358,32.8096023520081,33.4552893877631,34.6928782959096,33.9753050615397,34.1333706723655,33.9206947162037,34.687192820986,33.3219801529861,33.6613669990618,35.6400452662661,36.4051724016597,36.4396283591736,34.7795211385803,34.0155909893454,33.2776173034827,33.7385605885865,34.1607422121861,34.3793806327407,35.2049069164951,35.9381454773315,36.5598978373787,35.9697028959117,35.1595598881734,35.3753888061463,35.2704303448146,33.5405836127284,34.164853696448,35.3919716017465,35.838868136344,34.3351386423721,34.8383471039391,33.1990620337429,34.385664702803,35.5366804180177,35.5521477392569,35.476611887661,35.5429767336158,34.5241148205772,33.3439428498145,33.7876627764423,35.1055081859892,35.0398587109679,35.3533954829136,34.1380606414878,34.2900569399064,32.5524002138562,32.7472767723228,33.7481935279975,33.1255095388303,32.2374983301682,34.3474138723539,34.9921779177478,35.4794672082705,35.119366027143,33.9619501293837,34.3465825325925,33.7209708723999,34.3003394340465,34.4040596856817,34.3751453125388,35.2733388439868,36.3373267612841,36.6125064623981,36.0618170777762,36.5497633863199,35.782388590768,36.2778306470059,37.357389719585,38.0056847178479,38.142496195607,37.7054591921509,37.8137012929193,38.7221244078822,39.5660524168144,40.5357453770262
23.4896768684507,22.3679438651712,22.9094915717029,23.1422874458095,23.8415023828689,25.2096856132555,24.1322281160033,23.3719424134842,22.4891083931016,22.6679686290436,22.8379237021155,22.7972984779446,24.0396090916641,22.5868313336923,22.0863733175663,22.4299274207556,22.5370322449591,21.6915553610887,21.5344740868665,21.0919737550457,20.363767061335,19.4322746353348,19.6432020671336,20.6951885203277,21.3205269947801,21.6927132913913,21.7481062738317,23.0895385503925,22.5395284553775,24.990918463636,25.3886935951107,27.0412186756047,27.357934587937,26.2553497354307,25.9407647567853,25.7638631538907,26.0916867342669,26.8985116580583,28.0987097233104,28.3719593743202,28.9066610559032,28.2370795198906,28.5304073621759,28.9703017119165,28.6447603371506,26.9705453098886,28.5298198175131,29.183214880751,29.7297806848445,28.853784352896,29.3008145413127,27.6548910163749,27.2526273522071,27.90565298053,26.1666394558582,26.2346386130474,27.6979401016418,27.4870839823888,27.2010418756975,27.0605491858286,25.957168928707,27.0766508030027,26.2383749459359,25.1656090991863,26.0729517592921,27.4799167029433,27.1429038799459,27.5037325400643,27.5437103333764,26.8546221941822,26.5997717690638,26.6769484304328,28.0591550929872,27.8604669089601,26.4469317442576,28.2837636508239,28.4808188684106,27.589057299146,26.0810502476779,25.8918898759969,26.5933040802975,26.7239422076169,28.7198968221605,29.258945738704,28.9013561578268,28.8576728813471,29.8974286941253,29.7969294885548,31.4815739094893,31.4183700430316,31.6017711104608,31.7504796583862,32.3856039641606,33.0158701568349,31.7528623213598,30.3478187215552,30.1162397185494,32.2574189301555,32.9850718490604,33.3438115338279,32.351429696291,31.779905459896,31.6908693186326,30.4119795028702,29.1450147464119,29.349228550798,30.1159406730731,30.957854294442,30.1880353320107,30.1605137991906,30.5248715367417,29.3979434602441,29.261978112437,28.7571959519297,28.0139861626716,29.0430777862561,31.1730998663928,31.9560831016511,32.634251413415,33.5063552585969,32.9253423752129,32.9860664308342,33.7222599358306,33.5971568035066,33.360530070413,34.1442031280553,32.6816536981636,33.3225449191512,33.6520913893375,33.2633965860519,33.3764980452363,33.6080606313102,32.1956153555729,34.2590884881075,34.610333794635,34.8431314882157,34.9509745720635,34.9649524258287,33.5806075306668,34.1690674531676,33.7057454370598,35.8382625856505,33.7475668251326,34.4090877667797,34.3694780123325,35.5279850788572,34.8507131457349,33.6724822943321,35.1762241671366,34.8182452353363,34.3147157036243,35.1377715170255,36.4829842977082,35.6200471981469,34.4982430826162,34.6234686924248,34.3546010429151,34.761228449052,35.0625638219437,35.7646753631573,36.8181917575695,35.6418077667574,35.0292769554711,32.7607444129482,34.0594045598404,33.6363118569254,32.7397398636152,33.9064557847934,34.857467020882,34.0303023073856,33.8195691753738,32.3874293601105,32.1560374440849,32.0679879957605,32.6559870638214,34.0676170653992,34.4306729387085,35.055198304743,33.7578269971896,33.538864131948,33.1825590844176,34.2173263858592,33.7185142861768,34.5433848868203,34.8208344412951,34.9367559834783,35.8248710200971,37.2541929079238,35.7216555855237,35.8822036903179,35.3586028675188,36.4681925903277,36.792454211506,37.1129081094318,37.2919730330683,37.5167133661901,38.6580709901231,39.0839705052828,38.6547821859458,40.0459009713354
22.7555354545271,23.174803819751,23.1217448466409,24.0961456242042,24.2067389493366,23.4162234285238,23.3110755028497,23.2719854858364,23.3830196965322,23.959715122657,23.3206466541072,22.7980289398175,23.9252370518738,22.7806088873695,21.9239554854807,21.8200215860947,22.0687150766049,21.5371887915469,21.2942805074437,21.2880212907365,20.4190991612533,20.0442043401134,20.9457455064932,20.5011023427389,21.3747061144945,21.8678574021585,21.8450257483833,22.1798621510652,22.875161276606,25.1770325257381,25.5413289813961,25.9348074068408,25.2803394659034,24.5843503335729,25.1440123155356,25.511235007873,25.466078641724,26.6793448636062,28.228618658712,28.8333053410471,28.9426721349041,27.9520488279261,29.3873113217549,29.6249730633259,29.3534036167104,27.7150972201294,28.9937981949331,29.7883455504031,29.5828266489489,28.6530159227446,28.5772476382095,27.9779776135268,28.0779131517962,27.8984136851244,27.1097224760752,27.2284887290877,29.4463722503534,28.6782269998109,28.9114022994824,27.705217448005,27.0979422378795,27.0919164038182,27.3774861696643,26.6279352951088,27.0261781357253,27.772259337187,28.6153375613046,28.3322028392406,27.3429455706884,26.8805598041766,26.3728461977195,27.3331150959022,28.4882557611268,29.1082888739076,28.6140424873167,27.341357250272,26.7062231535887,26.7177729268857,27.447729385383,26.3942702493217,26.2905202988165,27.5749056624135,28.685931864832,28.678694217646,30.0743189038671,30.3703425485832,30.2730240964587,30.4870042179471,29.7955053980404,30.5338553901053,30.0793029653158,30.8111711078688,31.1727515685436,31.8616100149156,31.3672427111607,29.5276335084224,29.2736177199746,30.3851024541372,30.8768522652407,31.3608589827974,31.7908270886845,32.4602539126232,32.0503505672777,29.6457131975027,29.717601438746,29.7961327947078,29.2685846504769,29.8575541161027,30.8486661802559,29.7264132619416,30.1004290370747,29.7321005542819,29.7330572360027,28.7616866316624,27.80743970155,29.3397090598663,31.2611822497197,31.487813877077,31.8316639616112,33.1854260090961,33.6187561797529,32.2039718564249,32.1671359505881,33.7899084242907,34.3454604316001,33.1862025580306,33.5833623176031,33.5855864112454,32.6670647995388,33.2613053870668,33.0296403854745,31.9107625940069,31.4466043412859,33.5661348798868,34.3042820875599,34.6194878214678,33.8040967853613,35.0625689029106,34.9546385584199,33.579735998142,34.0096706778279,34.1358212977902,34.4943760290462,33.6541315716398,33.5072719904698,34.5465405310842,34.1126019164121,34.4625422185149,36.1777881346012,36.0375882007411,35.7250882620622,34.825448287995,36.5776334137019,36.3523071069108,34.8924463782552,34.9490931685837,36.1322457860149,36.7419164094436,35.2328534632193,36.2097427023232,37.8890018576919,36.2709092116195,35.0513202351727,33.6823585993343,32.6862471645771,32.7431646120409,31.6358624265703,32.7567321969237,33.669030701837,34.1204156220049,33.7868770452687,32.951017977998,32.0326809212922,31.3482945824541,31.4875826905053,33.5984438968741,33.0242249148268,34.0120917908331,34.5709192368555,33.0638114208686,33.5282254321596,33.9106814007551,34.8923072928868,35.326696550475,34.9743338070889,34.1848134742957,35.1923205556305,36.9601272930628,35.9353044577613,35.4157079600032,35.4614850237553,36.4910287016304,36.5211071530431,37.0302191601728,37.0482345308189,36.0560015608878,37.421139327576,38.4658585804672,39.4711559011398,39.0676260753948
24.3375812596205,24.4993445972911,24.470307313309,24.0237751197974,24.8782996862589,25.2726123457308,25.2532582215063,24.8111247851992,24.2159193252955,24.4481139503983,24.763375811864,25.0787755753394,24.3384177659428,23.2426868059773,23.8536818449277,21.9594447842667,21.2048017738202,21.9028627897959,21.081472357483,21.4755039570598,20.1239151769703,21.3186844520231,21.3608242059278,21.3666643914336,22.1825598095532,22.5812289569517,23.5590166996548,23.540887932689,23.7524419390578,24.3135646912484,24.3344311877569,24.5584197106466,24.0779483655963,25.2540655663249,26.2506145006491,26.750489864922,26.4778942451601,26.9308150627599,28.009013806795,29.9317610545165,28.0156440511585,29.4815285806949,27.798957885303,28.514311570805,27.7434490319776,28.5361253976831,29.4171105587044,29.9511529875322,29.4585509018544,28.6863485742765,28.3934247460011,28.8037806796138,28.019636697324,28.1674708893744,27.7508814978213,29.6610097401475,29.0601341957458,29.4424788043863,29.7856548314995,27.7707518299781,27.5665447606008,26.763242473334,27.8831456334422,27.0959737736014,27.3666299961596,27.1611017520534,28.450981084862,27.8432545977107,28.8840752089154,28.8565552470431,27.0783714628588,28.2893329694585,29.7988275903746,29.248810523175,27.6724748525032,27.3192358152356,27.3424143487374,26.5499305024073,26.9102572887508,26.2462329861352,26.7411547330101,27.4858294406452,29.6352763277919,29.6656301792424,29.4706552128753,29.3190142123328,29.3709665621152,28.9797472193202,29.4081448748474,30.9052120712347,30.7045262913544,30.9599606061589,31.4181506920847,32.7495472656198,31.1515242677101,29.6899574322819,29.3841988388805,30.3419573928735,30.6603374443447,30.0439043547701,31.4932856664582,31.1891991082829,30.8021873119533,29.9424654859649,29.9541577887678,29.9865235914266,28.7694747693245,29.3930096780375,30.0481872870027,30.9441540665969,30.0406980286302,29.7791502185352,30.0020914704254,29.2490381635264,29.6339982111848,31.3275145246587,31.2971318374488,32.0208393532686,31.0646337699759,32.5559549390536,33.536648650796,33.3283740956338,32.4476468753008,33.7585566967065,34.1371748790758,32.7660051805931,32.9598045077163,33.687088807831,32.4653183879092,33.1905866434229,32.9230617539708,32.9189324254046,33.0461656711167,34.0135965888415,33.3554682473564,34.1775208884011,34.4459141266438,34.3483161560668,34.2812366177328,33.6981563150699,34.2168629988822,33.9248420345846,33.6428095976329,34.6991024027748,35.0903304550941,35.0253170880513,33.713504492152,34.935603426489,35.2326584713756,36.4361122163885,36.4672196657723,35.6882578615427,36.2639863674329,36.4874642119389,35.1132060429964,35.0172112469184,36.1381460658507,35.3813464572918,35.3444133244459,35.3593286917109,36.0561520772157,36.1237313658286,35.4742782208449,33.0598408570163,31.2777694390054,31.1819371028498,31.4298519226985,32.3179924569405,32.3876875859138,33.8313185612427,33.2605110157884,32.7100003974598,31.9378871859521,31.6226435109821,31.2078630985036,31.9080002323464,33.7440094340474,33.1695594623998,34.4239111488242,32.9981518736866,33.3735825837854,34.5323269855048,34.700738279105,35.8936496178194,34.4963991571032,34.5694396897109,36.1991139134679,36.9309907500837,36.7299710709498,35.8058821049793,35.1438473716806,35.0960477314957,36.0742145293295,36.7042028236989,36.9135828260005,34.8292535915436,37.4420690303039,37.766485460937,39.4722728113371,39.0201582658793
23.9116052887827,24.3557989890239,25.0018183664262,24.3533645235504,25.3426664381642,26.0517438476576,25.4871926546581,25.4422446002503,25.0455202127563,25.13593473611,25.5381215432496,24.8190001468705,25.8331503750737,25.8069164518251,24.6546902583153,23.6967946080055,22.0728930811536,22.083899949645,20.4897355430188,21.2563019146226,21.574094187945,22.5939408155942,22.4362558367304,22.373158803721,21.7731027151928,22.2972164039227,23.4806785402975,24.4766183163558,23.7451562811794,24.6755646520081,25.0997894773925,25.4211119827571,24.1528116180097,24.9358393501496,25.3246344658692,25.8082254311508,27.0016550975724,26.790414503682,29.9102553547852,29.5673187021209,29.7482172095964,29.2798625819403,28.3430624062752,28.473864184689,26.6157560582818,27.5602019972783,28.509981482866,30.0238557599944,29.4879278183241,28.7825099735493,28.2067979805162,28.0499141792492,27.4047513415328,28.4537886647243,29.1252438285979,29.8107108559784,29.9006530739471,29.5753126901129,30.0644638160545,29.5299319796678,28.3189976643498,28.1243895193896,27.9562981590297,28.6507070276822,28.5372680657179,28.3001820301863,28.8084919817968,28.6512253577725,29.3913159859912,29.6786793985546,28.4506488782158,29.4553072256442,29.4982881679154,28.0413166361389,26.8064842083867,26.4680534970286,26.4101459126133,26.2301089419868,27.9973623807711,27.4205458505904,26.9832031651791,28.8873916642324,28.5274687204089,28.8073944459722,27.6792676156332,29.6163214475484,28.9980926141009,28.6684743919523,30.1154591558447,31.8206808858733,31.4820770537842,30.5846456766959,31.9899189954115,31.7782516492029,32.0196059608996,29.7984982834843,29.0859865674863,30.9600714990009,30.0374813852383,30.4012158858906,30.8106576219539,31.0895428110719,30.1971010712709,29.8087711456457,30.5422103261065,30.0100233026523,30.3261995548357,29.5670175462277,29.2783242534244,30.1358233241249,29.4088693544197,29.5146528962931,29.3444158665001,29.5707904003769,29.5487356395603,29.5623933998395,30.5025881844825,31.0411586545943,31.4306380724511,31.4652020163825,32.1201257889507,32.6740654891456,32.3546294886534,33.2000325019362,34.5369946156235,32.8668465773464,32.3259960640467,33.0121514028738,31.3025216196409,32.6437068788222,33.4343627653976,33.0718650992287,34.5367669866084,34.030826111129,33.2993600015522,34.0005892610018,33.9626912834733,34.020830889239,33.220938764488,33.9362890534394,33.3164531285211,34.2785282469017,34.3816381578383,34.0238547972637,35.1326242514696,35.7023017730639,33.4407543995458,33.647391631766,35.4841933051831,36.4058461178168,36.2714218219458,36.5047569588653,36.4630673724953,37.7574683159022,36.3426073132258,35.1028659352862,36.2558031069251,35.2610947533937,35.4274036728294,36.2302985968392,36.6967482912792,35.2924810829883,35.4634991827926,34.6036791420071,33.0430107480635,31.6192665649028,31.7791861603869,32.3991680071259,32.6133335329384,33.2218861647531,32.9900868677468,32.9898716521399,32.4815164241782,32.3065023543226,32.9339218733192,32.681875690553,34.0910138077338,33.9572720014117,33.7216292308363,33.3143805061646,33.2500347348621,33.6834556056826,33.3045679952312,35.0431989395733,34.8145743309646,34.9588900277833,36.1158487987331,36.2994277864778,37.1319574647571,35.842677439699,35.3776607368368,34.2646200899693,35.5014104105608,36.5676063941248,37.7470357347116,37.41064713965,36.9242771656344,37.1956373957149,38.1925577285166,38.3664982185722
24.4275185326417,23.8868441655094,24.6328469582528,24.2637534675434,25.5125467116012,25.9864755229684,26.1473386483911,24.8362456961145,25.6797620370057,26.4391988627813,25.6776666070941,26.096805529905,25.9542497413422,24.8602562783881,24.2810379177922,23.3989662076465,23.0675840512228,22.6328279732547,21.7969351088707,21.2430014971674,21.4874393387954,22.128471081903,22.2477415262276,21.8128295989691,21.7165030455902,21.6185374085551,23.1117455644331,22.8115526295225,23.7697839246327,24.0767593997525,25.1199703646078,25.7822087753777,25.3052848798705,25.3581523385524,25.9729702292092,26.1687405977672,28.5310485502525,27.6459504149233,28.8811245544918,30.0512324325718,30.8313326441091,29.2152769275378,28.2845480635752,27.6176031537456,27.261232035998,27.3321967889061,27.5061178339233,28.8362741787889,28.1076494357077,28.3987192539473,26.3521323034638,26.6303056979699,28.4133491000229,28.668674714189,28.9946007880005,28.9666632541567,29.7732962337337,30.6816836094811,30.2506563561329,29.2189421530934,29.0983774208593,29.3176071047771,28.7998657061241,27.7032259246675,29.2797993058691,28.6961274987516,28.7973082793895,29.3110894176605,28.8053005268638,28.711993146284,29.882781810192,29.0132985938812,28.5547327993614,28.2790589694184,26.6330107810619,27.1330918285398,26.9553056493322,26.7260923323718,28.6236303241337,27.874340637094,26.3460349988534,27.4977657401492,27.7884628640876,28.4212669412156,28.2041481975609,28.9407896184197,28.7250947066524,29.1173067603975,30.5896858275404,31.5393480189414,30.4402921350089,30.3002108706735,30.7881877077549,31.2075856583021,30.6240693863995,29.8119029732057,30.0747861544585,30.8855442598421,30.2637504414574,30.4145787537476,30.5438174336517,30.9978062136423,29.7934694721009,29.6204265177664,30.2287575844465,31.479917893617,30.5941510619984,30.3897199586489,30.4479090099281,29.7413915385706,28.6912995690678,29.7578912430315,29.0752630610643,29.4687741202419,28.9978849710997,30.0271849699655,30.5827301343323,29.7367699208568,29.9552782278398,30.6880188897695,31.1353433967039,31.5557107386051,32.0758475570555,33.5899832626736,32.7783889815797,34.1186306265348,33.210731972643,32.4281249367343,31.5337291535708,31.9839158960179,33.2998654085751,33.6392098460578,33.5559598845607,33.8634885126137,33.6247651179874,33.437598842519,34.0546187410023,33.823741593079,32.1347319426047,32.825710374351,32.3216670108708,34.1395140395481,34.5938192642655,33.6677539237511,34.4262420572307,35.090803702376,35.6123143228708,35.3101565094799,35.6448780070986,36.1340994986577,36.0333720160783,35.0427094813437,36.1501228941847,37.1068460253376,36.3666155103012,36.3447647841008,36.1424281226451,36.1967364236134,37.7863357996434,36.8546996370036,37.0969449894826,35.9091508152193,34.516938115955,34.5126868531206,33.8657464410481,32.7695229486441,33.0896394761958,33.1769717180888,32.2851290014811,32.6450984446218,32.4169897736159,33.111140574088,32.8115642114542,32.0662073783842,32.7984708199896,32.9106401051906,34.2001446752999,33.8532905349673,34.1606497902675,35.1199612862249,33.9052663136914,33.5375226669911,33.0623986463794,33.577595694363,35.2623159247159,36.0429158465111,35.0708682210287,35.3026956827232,35.5684733382207,34.1410689541714,34.5130489094408,35.1599258378629,35.8611806926184,36.1989258024511,36.4212111441043,37.5805461976443,37.9777210460087,36.9417276532776,38.1924469781436,37.3480793408841
24.5750706854371,24.0929897222986,24.1432733999634,24.3904622555102,24.7976143933508,25.5373715358715,24.5066938451057,25.6635423385702,25.623600328778,25.9554246477671,25.5738106147938,25.2505181036568,25.8373880507599,26.0360961547331,25.5118695404223,24.6101106770769,23.9089261755062,23.6788319919687,22.7755095067972,22.2482719374756,21.6185666418179,22.4291444413897,21.7481783749523,23.0810848680755,22.0567047543134,22.7901514177702,23.3147328454468,23.8724560599568,23.3271518520328,23.177999578852,24.4326648053867,25.7247002816075,25.4670374774277,25.726924810798,25.028927384663,27.144880667882,27.2108472964317,28.3091992668468,28.2131372429752,29.4054370669206,29.1888582247912,29.2923169905656,28.2102168652003,27.1127660718579,26.9804058746299,26.7425114406283,26.177876937144,26.71402856993,26.2976403860857,26.6176492635011,26.8482772428137,27.0020481972846,27.8772233841825,28.6135588040509,28.4868789325917,29.0343032043213,29.0107673102088,29.7805663175153,29.9841592801722,29.1825254701915,28.8595345796397,29.0203755263284,28.5491800960204,28.6073762370891,29.1171838797732,29.2348996889291,29.0560756368956,29.2651894490636,27.7253956427906,28.949996493435,28.4092470388734,27.8183626243775,27.191823791024,28.0378901367174,27.5924299049461,26.3074480776104,26.2886765678945,26.256114080706,26.2437175344575,27.6419733166002,27.134787368854,27.0169679121419,28.1577249765413,28.1037541364661,28.4820633591672,30.0611339499228,29.8105574984263,30.2217370055363,31.1799134778049,30.7669845052944,30.3157417693806,30.0072166477165,30.1592756015685,30.353092053364,30.606061646165,31.5175178960117,31.0673931240133,31.4615761481261,30.6515926845971,30.6404779259266,30.3866613438731,30.0314793681634,29.6515741008681,28.7293692409183,29.0297712878411,31.4260471145733,31.1919585627724,30.8836812271877,30.2316472841778,29.2718158039924,28.642328593158,28.6796270082605,29.8510649262891,29.6817955796478,29.5668715764317,29.6495698604273,30.2896900421492,29.8267191409329,30.8409788596813,29.4237820102409,31.0800204672892,31.2220323329394,32.2207281808656,32.898090446856,33.2614108252574,33.4540501954882,33.537510214533,32.3175794304575,33.5885523177989,33.0295263285801,33.4422662200856,32.7438445610353,32.8066001111129,33.369777235069,33.6556757606273,33.6582461530411,33.1839652206875,32.5382284222025,31.3563667462281,32.5624952609291,32.4698164754771,33.9401024059436,35.3883960764102,34.8495979785224,34.5147957468427,34.5097177617243,34.323304402514,33.8659099646732,36.0632209681644,36.935911749632,36.046409391075,35.9125067726495,36.0945814244308,35.1615518297851,35.0683128059885,35.5341767466775,34.920853657977,36.2311220572869,36.4303491778498,36.6495656638431,35.6790928785501,36.294782003232,35.5604933461023,35.7142005465944,35.3656217546314,33.6799211076416,33.3851160686606,33.5921659881338,32.9010969955932,33.8852477617556,33.4353881860385,34.558930335971,33.0957569991603,33.2220247767363,32.8223982136171,32.3434646957933,33.8104395688486,33.4617959099256,33.7215588723759,33.00655321183,33.3824672413852,33.6878808577602,33.7606053584827,34.5775863439026,34.4711443283884,35.6725498090441,36.4049988656921,35.3490620572979,33.8953293724285,33.6009584305533,33.5036730108828,33.9561442317911,35.7369405853814,36.6875661223193,36.7785962042767,37.8521366736849,37.9092066315818,38.2705366361843,38.0754923107846,37.4198123476757
25.0945127704108,24.631253731714,23.727964635281,24.6682186191148,24.2583677669779,24.7884234370076,25.6832955337393,25.4433871955981,25.5225095590083,24.5331045009298,25.8013716990665,25.5198785469747,25.1829841484355,25.17829411763,25.7826701678862,25.3278365228488,24.4712917854755,24.2001314611047,23.2656194435751,21.3300131855973,21.1872546325139,22.4859609768477,21.4765140333614,22.1660724746893,22.759199296768,24.1365585389231,24.2850168929566,25.0743252018007,25.0932451638853,25.1830265902247,24.6675225610499,24.6032568183369,26.3881299672668,25.8543641715687,25.6974483339809,28.5628045875675,26.8721239578852,27.5344478912935,26.8533050597895,28.044556343895,27.7136793142343,27.3101667685376,27.9352669155844,27.5914547295978,25.9838882674226,25.6571955083895,25.754827228289,25.549361957037,25.8321230690698,26.3384705187964,27.7741221481469,28.8685063317208,28.6029436918774,29.9016220544167,28.2484286027212,28.4521482805155,28.9404126669758,29.3959896927673,28.3906010483611,28.9201569003587,28.9982938588172,28.2350741778297,28.5686147913682,28.241766800232,29.0386673701926,28.3042307352502,27.8261232854463,27.4453571925417,27.5850476731281,28.402380606593,29.9700146979451,28.2917982787096,26.6124676000291,26.9240903246053,27.1220733799787,26.0626079053934,27.1540525922566,26.8256368693342,26.5795937551803,25.5355732699569,27.8956799757269,27.823413359943,28.1916501587064,28.9701003903928,29.5845127626714,28.9622498474569,27.8960754174871,30.0604375904251,30.8296185900151,29.9488343527998,29.6116292593382,29.6241005014813,29.7323194403951,30.0508852499986,30.6296666031285,30.7228783843855,30.12819365575,30.1200563794074,30.0902924421835,30.7506062621247,30.5783013858429,31.1271800232935,30.5254450774623,30.1227715047902,28.9203507974472,30.18188271488,30.1803791083448,29.9076806153387,29.4243564878945,29.4109524958812,29.1652387963236,28.5157997902285,29.5269370986195,29.4784281444408,29.1396026434469,28.8114118763253,29.5757771052123,30.6768396401458,31.1417973736886,30.1566635834009,30.7536325019058,31.2624336613755,32.7952560090054,33.2981641627462,33.9245705850879,34.1556024953296,34.1598947989825,34.3701137119219,34.6699239718736,33.8478145794253,34.1055598141215,33.7648931787467,33.6469667636452,32.9125006285418,33.0062035842966,32.8567795405348,32.6232867460991,30.7511987651708,30.7633560626628,32.8617403269549,33.9982896227028,35.2797412796827,36.2445110991033,35.0183211539294,34.8032112641693,34.1064457186318,35.0802905915213,34.0889240732118,33.9120976454497,34.4675328092499,35.084552688452,35.3716676543162,34.947878205309,34.9164095649718,34.774332951453,34.901244768076,35.9846018565454,37.3709639839611,36.9739292849137,36.9546155888931,37.2029112714886,36.6359582717068,36.3274602937044,35.1234908817506,34.2757355706494,34.2097699171671,34.0065250856029,33.5775733339235,34.2866572498624,33.8690455323934,34.9290298155442,34.5367260144292,34.0290572571007,33.3117404043646,34.0644916847008,34.0879871837301,32.9504902851691,32.8576716449279,33.50533753506,32.9143378547854,32.6740145685855,33.2671551928807,33.8588552274738,32.6974444321515,32.9127609733034,34.573233472616,35.341362089931,35.8578257770377,34.9596347350896,33.8719904756494,34.4842394499097,34.7768560517937,35.7474166080051,36.1466843833565,37.1003119624672,37.8633203141133,38.1827097447326,38.4791485544066,38.9354569581025,37.7787098512968
24.4210175712326,24.5502486130849,25.3613330296717,25.20695326137,25.0828207617578,25.3512211759343,26.6021999399602,25.9515936885312,24.4789201981633,24.3984700828131,24.943100285537,25.0249418281307,24.3466904984243,25.0223110892823,24.1059023748988,23.7651456768231,24.0820171559441,23.5521754011672,22.4022945923867,21.6532444671215,21.3035147443966,21.633086805235,21.1758416854805,22.5927858465326,23.616443992212,24.5644145563857,25.8582618721336,25.3983704293217,26.5424080971715,26.3789832152433,26.3098936430188,26.5663556802124,27.6660419370682,26.1611850058989,27.3022395718065,27.9021062180225,26.739168297904,26.3713527063915,27.0654252801864,28.3312723164172,27.8507343092181,27.0602374165261,28.2092539567233,27.4842052148675,25.9734229034129,25.4274806637987,25.3506387874192,25.3050031526526,25.3495182182996,26.7023801524072,28.011766726707,28.4085885250179,28.4491439105738,28.8703697894499,27.9595078924289,28.4080340253271,28.5620335075105,28.3870511280002,27.4834921713019,28.5250165751404,28.6642487702299,27.636806727513,27.4322089706823,26.7648599664003,27.4188007331914,27.1752460357771,27.3195364231228,26.5457096385658,26.7107858791359,28.1836683033886,28.0725496078693,27.9778282816466,27.6312380420359,27.593009810332,26.2555477379529,26.7173697703597,26.9148099122409,25.9186293653982,26.1122341327887,25.7964709253921,26.4582299873121,27.0954044286681,28.0201805920742,27.4610491398968,29.2289454471782,29.0589007021444,27.6214597355307,29.3275611340248,29.4829156276361,29.3481491726075,28.9578738013179,29.1358345053795,29.3050476060048,29.8640218275053,30.1653722493943,30.2399877188245,29.2752117424959,28.6892350577026,30.5676664921886,30.8014512165801,31.6097128457067,31.8486849855832,30.7609467285679,28.907663195523,29.1973107271977,29.1033666631448,30.3360595332071,29.3808595154808,28.8324261465943,29.0943615264672,29.7986377256556,29.1530266474282,29.7759025317864,29.6267182810233,29.7680278060785,29.1809551587438,30.2418104979104,30.239742726647,30.3838621740937,30.1155617425354,30.0702576034484,30.5822723574324,31.863710336945,33.8721875514826,33.962182703419,34.4388963627096,34.6490003887784,34.3639502549774,34.2369686274195,35.0377279241841,34.6103866260039,33.9271771465149,32.7893324225037,33.9097379504162,33.4353920167856,33.0168191293159,32.0976014035521,32.0558790423485,31.6066604550764,33.1015101276599,33.3712999913502,35.8214650051883,37.2214707964542,33.8516098495167,33.4919575274594,34.2816268524916,34.3767018958208,34.7044592878998,34.2434268892427,33.20270736553,35.194360196617,35.1355796859281,35.0863448514876,34.5833524382431,34.6871983578099,36.0596946905547,37.223259578791,37.6726126109749,37.353544579491,36.9671081280142,36.3653811022545,37.3378556635686,34.7901432591869,35.3867279547114,33.1714686781406,34.8172310591382,35.0122105897163,35.5610977478445,34.9502806508326,35.0156063752414,34.175292618993,34.3389874458926,33.9097970067035,33.2074491890238,33.1382225816684,33.9347870480114,33.2209424102078,32.6926777497102,33.0312710785284,32.277728972537,31.9075432043622,32.5653967081599,33.7765797730691,33.0422848529567,33.2843218158862,33.3398634906364,33.04147681494,33.7058284735822,33.1294756495034,34.6709793102101,35.0862194248574,35.0443525939597,34.8481470333602,35.523151310465,37.0866455145996,38.7277743965188,38.1909590948428,39.4753420271774,38.5219673432802,37.648958887707
24.1571678914792,24.1918018758707,24.2714760918531,24.3743597166005,24.9068395037701,24.0651821012226,24.11378887986,24.5801968839562,23.8106688051317,22.6602989573792,22.7936854817836,23.6075802114676,23.5204915284334,23.4433363949075,23.8884007406133,23.1582684169964,22.8400014157413,22.1886776676633,21.99250986296,21.6615265565417,22.2807568124961,22.3906347819088,21.636163782416,23.3749327385198,24.3188372876921,25.6213115966073,26.0051304007657,25.6790496521828,26.1980441902104,26.1084900326732,27.0271794382769,26.7727471360889,25.8773769892904,26.5362294663095,27.5173624071286,28.0469572393846,27.4117186422691,27.7907055270252,27.4148820564938,27.0776194210003,26.4270098158954,25.4886030353651,26.6114911760191,25.7669382820134,26.0022812212394,25.0830047284442,25.909660807704,25.4380806978283,25.8662237100258,26.8083910146354,27.7654995468294,29.0018579778599,28.6009024333131,28.5479309888055,28.2682616365658,28.6689596422916,27.4923408268029,27.9919300858602,26.8236721292957,27.3164762304863,27.0394337853956,26.4929875697945,25.711479167892,26.0640075454705,26.3823666154994,25.0783340055162,27.0432711318583,27.3696191404205,27.4527013458035,27.4920572482248,26.4284428424808,27.1962215296503,27.5551812716826,28.7997280222576,26.9531771200275,25.2954369149629,25.7241742368815,25.8825012049148,25.654802159161,25.7512992469049,27.2200147135991,27.7592745928601,28.4436301004528,28.4300109562096,27.5633739641225,27.6474826255316,27.9280804401422,28.4997807408704,28.9568016117892,30.2588978903706,30.283985490589,29.6617841885887,28.6962737745883,29.8409618632934,29.4095006269319,28.5500551041328,28.7763742743524,29.6841724746548,30.8367375260799,30.3533569103564,30.1191521217352,30.5027714240939,30.2931334080341,28.9672371866164,28.5916629416812,29.0878505356227,29.6105255942328,29.464811077385,29.2653532049356,29.7660196371654,29.3090337073618,28.433379632531,29.2140778093626,29.630766631715,29.8033172978477,29.8683437299547,30.8030289522923,30.5872520093421,31.4564432279509,30.8546506248324,31.0723565965623,30.2142712696045,31.4561120900956,33.5806136859542,35.4154974959586,34.5173598481214,34.0979663860853,35.3190616814554,34.3409804560741,34.4033438507691,35.9030309293677,35.1746753845091,34.157645330673,34.4588865914347,33.4742581700328,33.4494390250747,32.3186443649484,32.6616772114288,33.4131620435917,33.7207277815053,34.1135773140831,35.373498520353,34.8529366894037,35.3787839309847,34.7291433196056,33.7166252933106,32.7021249269682,33.4934679421051,33.602788781557,34.5764889646715,33.6110289427061,33.9351351647356,33.2602010985701,33.6593929351145,34.2509477295668,34.8982145959458,36.4105106100385,37.8723581220567,38.1557649784279,36.1416739837625,35.5259077393333,36.5736000941043,35.5839246889784,35.7828039210619,34.3800171535351,34.5706017898859,33.8672149205245,35.0277958847519,33.8977952900011,35.5207256530441,35.6754970126878,34.4056718661205,34.923361814352,34.0446377064874,33.7079914857573,33.2329873659902,32.7031200076089,33.1498051277696,33.2283899562622,32.1182696689066,30.2357259865945,32.3270926486837,33.76498505871,32.5810077707132,33.2371347259414,32.6988846125051,33.1369291101471,33.5007914791938,33.0971249668476,35.5796450187934,36.0726126181441,35.9914765966282,36.3642890588943,36.36044045324,37.5090691960476,37.4156988440753,38.6484822019951,37.6505978192955,38.0774365737989,38.2276367308716
24.8786867619628,24.5113098006731,24.67927820701,24.5108405928789,24.2997264097664,24.5086283008257,24.9981383231795,24.5546255677801,23.2456488431378,21.7608553682808,22.9041285764381,23.2709384106264,22.8188352674038,22.1386039223266,21.7417808314108,21.5267340971601,20.86326230314,21.7634250944241,22.3582566349588,21.3514983063943,21.6273180135384,22.9426699939032,23.3834233028119,22.9522247833014,24.3453787828747,25.2864206011984,26.0544173712498,26.9470862340709,27.151274677302,26.5304386171504,25.9200479904632,26.0786398952836,26.1905063869884,26.3496669724393,26.9888041232499,27.1537449861292,26.9627310833253,28.5347278538878,27.7140352613161,26.8921483617415,26.0961396876641,24.8694875715413,25.545021115162,25.2102475804608,24.0301096289591,23.9215949469632,24.4876895496811,25.2545199829502,24.8685967907107,26.6907156294509,28.7358362630443,28.872442766368,28.6577842151642,28.9886479760133,27.9437376284551,28.2630304670152,27.2750543001589,27.0525990876327,26.0166155991302,26.88183137506,25.813075146561,24.9372431585379,24.9919598696905,25.2910937832806,26.0391275546818,25.6645101876281,26.0022295564283,27.0950061326539,27.0328073717902,26.3874320495228,25.9593362603186,26.9975584997273,27.2003211616565,27.4188101331273,26.1545989771591,24.6230398184288,24.6481194722946,25.2001421806896,25.2798627027149,25.5264821342542,25.2682148336662,27.6487214354912,28.3882608218886,27.9343290223744,28.2470442571738,27.7025209973045,26.9493192763242,27.5263345055197,28.1994914264641,28.4905632278578,28.8452483922361,29.3766411360345,27.6130248802129,28.8580039095898,28.7585304215112,28.1928466992473,29.9070375466176,29.5596435110653,30.0145611666299,28.9240617036174,29.4320666243345,30.0041718178087,29.6074312710495,28.4044963131998,29.2070417219642,29.4053709285007,29.4622786948604,30.9936005271958,30.2511601604612,29.2642647760483,31.1332305307201,30.7034826714843,29.7112202485599,30.4917717420051,30.5070671586756,29.7681628276462,30.1094871603614,30.4643733858358,30.7575427956188,31.0352683490929,31.3486425800105,31.5142952442005,32.0211543270513,32.4371905741221,33.6216229415914,33.4527126749129,33.3148615162845,33.2108492098745,33.5961761157447,34.6709723773262,35.1647904430066,35.084547860002,33.3323991416761,34.3025823570821,34.4167039868566,32.7530723178293,32.6350969529315,33.123907009671,33.5503499829166,33.8556817213911,34.3514370835005,34.1203870989193,32.7724472621456,34.0569806245357,33.1917534815179,33.0939548640002,33.5360499695338,32.8158955505971,33.7011927683192,34.5489485744765,33.3049365129656,32.1349711306586,32.7388166177552,33.3751130051344,34.0614320423837,34.2045716649887,35.3008893874462,36.1928657643975,36.6674142693539,37.9204399416626,36.3662004618976,36.2400177600324,36.5817987788746,36.6004019881558,35.1741849150505,35.1388320063794,33.6791970330966,33.3428579275146,34.846942738983,33.1958776316756,35.0237750530857,34.908348966013,35.4247489697076,34.5661248649163,34.0997277890831,33.6030511839719,32.2763401991647,33.4144908864504,31.9556528278243,32.2884242891506,30.9914193246159,31.2501500247763,33.5618521148936,32.1092676730547,33.7872071000221,33.733386949857,33.2169198901613,34.16741185454,34.7200016798799,36.3093539092359,36.2109777093341,36.0982742577119,36.5058078352685,37.0113816275557,35.1001420435281,35.2786975711324,37.1983975909182,37.0896017188768,37.5296456346728,37.2448972572002
26.0541348954257,25.4696763538587,24.7397957892764,24.6043430111204,23.2067560305637,23.0750072195908,24.4866539330271,23.9256300741828,23.5194016812136,22.0949598808373,22.0316141567695,22.6944275672739,22.1667924184133,21.7831479192119,20.5018593187846,21.2940428308505,20.6569402370111,21.4101646030765,21.0000000377055,21.1304427966071,22.108830325298,22.3356363560125,22.4963664237962,24.1240518356747,24.0963493982958,25.5393572096928,25.8270002113262,26.3100153930991,26.5656746601,25.7852297189874,24.7353240662499,24.8820526355749,24.5934865693704,25.9352818017192,27.3901573944827,27.5782846398004,26.8324119480749,27.8282332336532,27.9133918160552,25.2111439361833,24.5580634501697,25.5262311416065,25.1932908940266,23.7270386062999,23.1011067617691,22.8226792977684,23.9012483783887,25.0295890569704,25.5982819620711,26.4394623842632,27.7278445628187,27.6505991432872,27.6678001563535,29.0219336400543,27.9576890273296,27.1974764307284,27.261605466358,26.8896195574827,25.6923366513964,24.6996499100096,23.8894935647624,24.4650902987188,24.3933704638494,24.7847220088948,25.9100738314654,25.6874242140185,25.5154860088924,27.3297910339506,27.5449394677071,25.4970346105972,25.8004353141906,25.7213836569872,26.7018960717013,26.9181757217359,25.0506180162963,25.0156158897705,24.774708006626,25.6697512956688,26.658169689908,25.5784092165293,25.4819527470879,27.4216861276875,26.9003359165334,26.4344724054421,26.8062720796521,27.6580365571439,26.4489337432943,26.4237789554104,28.2011183117453,28.1922590929065,27.8823922111768,27.959191028714,28.7494878962216,28.1849721980762,28.8624860667652,29.0287853090131,29.9537155389167,29.6953859658342,29.920179829567,30.9716383614548,31.6285738014974,29.9466095553295,29.0827632446721,29.9700040572996,30.2498802568083,29.7844636762631,29.6623094753694,31.4891447210842,31.9395449193458,30.9146660213922,31.7913225452006,31.8584864411411,30.5191349459051,31.5332973064058,29.8699791665776,28.8935736763268,30.0256751693511,30.7020156901831,31.3522205920722,31.6550404845782,31.6653551079079,31.5262631280724,31.3647324608728,31.9893536536815,32.0413463290017,32.5866302578546,31.831880680046,31.8760000548386,31.7206635416619,32.5898950985024,34.0457990550973,33.9913358508138,33.8152335489356,34.5980165956511,34.4436222989591,32.6814314377376,33.919895934546,33.4254325227137,33.7850310153979,35.4424524272974,34.5681187273913,34.1093171079394,33.1044549205279,33.3219144777388,31.9698805157223,32.4622631078661,33.4818250381104,34.3871993520269,33.1426297417843,32.8587818241767,33.3151623202646,31.875561491609,32.3948759897202,33.0276866913143,34.4118633498847,33.5648428707326,34.659810565949,35.4102262420828,36.4181255224404,38.2315233479076,38.50586681479,38.0808430950989,37.2699638238722,37.445109690678,36.3537609241634,35.5713631881048,33.6417948853795,34.1358713649381,33.1473734154272,32.4569001096009,33.4707682215117,35.0933481734636,35.3139685329272,35.4752044497671,33.3597491835501,32.6414172885719,32.8040384356199,32.3190300208344,30.954589249728,32.1912750836947,30.384425197751,32.8341510930646,32.5149729225032,32.1307412313431,33.3645937515683,34.7253106307454,34.2658841272001,34.7156271223711,34.9030132548219,35.6763663168891,36.6882711660022,36.7744730055403,35.7614064626494,35.5378720665858,35.0506385965051,35.4874151852183,36.9945169694281,35.5763355678948,36.5719069127164,35.9495970805258
25.3144633174474,25.3446770260313,25.6705816545547,25.1901921682341,24.2354086249903,22.8523626907807,23.8191125073309,23.2723081709118,24.1971911663582,23.0381626122939,23.0357571033236,21.7589029449864,22.1181810079341,23.1318711566687,22.8137172421248,21.9227068518017,21.008282586169,22.1560573924684,21.5547663522429,22.5413151048883,22.5146362907176,21.1672312306583,22.9596009688695,24.7494928577305,24.7000713328312,25.6900229514404,26.6416237060776,25.6295049422951,25.2817956021298,25.8367298840769,24.5985256768626,24.6416371372443,24.4439268947229,25.4457052787741,26.5668946758478,27.2098906531291,27.1148245853547,26.9790324605714,27.2987805904437,26.752595081831,25.6842122825645,25.1602943693167,23.9118617216519,24.0417900591919,23.2117426992679,24.1405615664867,23.7479889249213,24.4169432622252,24.9114295082797,26.2447998927934,27.352180834151,27.6432011847615,27.97669015376,28.5848220956136,27.8224378753137,27.7533200032011,27.3162009358825,26.4682796195722,26.1910650723506,24.6339564575303,22.8997403703281,23.1754406205733,24.1428456866545,23.6824420603646,26.4009822640473,25.9534839132639,25.4912249087559,26.2127323181084,26.8217321118773,26.2761466998094,25.8394809538467,26.4942743656931,25.7972520437752,26.0955558957091,25.9819939291284,25.7974071608317,25.8012765855623,26.413025317561,27.0217878133262,26.6828882286426,26.737495813112,26.2065489072791,26.7857430771033,27.2444339181916,28.0689734260943,28.2434527692055,27.0358190502738,28.3987154422594,28.6203731042801,27.593204210323,27.7412238419384,27.7768046687932,26.7546616637082,27.7681861636966,28.6242725969692,31.0924127270246,29.2811504117152,29.4964394098601,30.3282053440872,30.6379628520453,30.8760232876311,30.703714759685,30.0170474322398,29.8286938231103,29.677413974546,29.5774120809713,29.8501144702801,30.4807025573964,31.196474860373,31.8628078724283,31.9325502277912,31.7093525523471,32.4017376504617,31.0162471749872,29.7817567879523,29.9262862265841,30.3193806122426,31.9224222294414,31.0127602818093,30.243261692533,30.5511338328435,30.6403671438564,31.349571185955,32.2502725624647,31.3154068489312,31.3743098651062,32.115456959853,31.9127882422225,31.7117527696016,31.9636334983849,32.7060749596796,33.0776266265074,32.1780450303085,34.0691841926575,33.5093935983923,34.7145134164928,33.2674394973034,33.9278037335575,34.7946634715955,33.8926867815826,33.4474506834447,33.1477734300111,31.8552037730084,30.73992329252,32.3038099059737,32.8418173538471,32.6480413045186,32.6115943070904,32.3729120343966,32.074933083799,33.1472505451905,32.5563325421583,32.2263770113022,33.3839122454071,34.3863158121981,33.7950508470389,33.875088633845,36.2804332611165,36.4834418855599,37.3048133121809,37.1493883484746,37.9684753777429,37.3442335697395,36.0278328312426,36.6257028989068,34.4850876735112,33.6005178389463,32.9224024467445,31.371855277825,31.9146378833719,31.9924848087665,33.3720500186055,34.949231322625,33.0516822411663,31.98805064331,32.7298425043491,31.9601204419526,32.4450476438545,31.1306193679676,30.9900582023313,31.510528347887,32.238644420198,32.8120580189884,33.8663451470606,33.4696670119955,34.2591401352801,34.7509498250843,36.5872173505253,35.9548418710831,36.6270198107696,36.6334106804272,36.7380736702714,36.6640246453857,35.6653760760926,35.617258377266,37.1054019385234,35.9241673322853,36.4506585546228,36.7205762293171,36.6018848814003
25.8403895661712,26.1649103826271,25.6544176313229,25.2192133735082,24.7297063503169,23.8883586306165,23.4740434292333,24.3872816048208,23.6312022371192,23.2112857836683,22.746375140258,22.3542339586193,22.7129465539071,23.2469131359106,23.0835283179404,23.6520602916997,22.7980839451464,22.5195476940592,22.8308953356598,23.2402223694978,21.8519486318398,22.1513558240677,22.5276276003176,23.0748018374244,23.3315239594348,25.3188290296192,25.0322640218071,24.4693078608079,23.5721021198989,24.6552878432151,24.1704631438136,24.2984669206282,24.5029269889798,25.9871194037839,25.8488731351052,26.2740742748322,27.0130397117325,27.7933524354041,27.6190275678801,25.9519214121475,25.2952613739798,25.6278414704615,25.7557755321871,24.6010610972216,24.0893027358829,24.7009662230392,23.6052812645847,24.6136933010526,25.4884986054828,26.047935273544,26.3277031293442,26.9151818329092,26.9719120790363,27.0387449704871,26.2199810914113,26.7362608464577,27.2956286186407,26.3686099821685,24.852179022709,23.6334215693672,24.4942380708728,23.3856036866955,23.8082687719063,25.3966633717257,26.0663388928758,26.9154087003605,26.9757268479168,26.4569624706041,27.1643935809001,26.2819971052933,26.1402602144096,25.1264808116806,26.038586148296,26.1079619271925,26.1672857177273,25.9309060298092,26.8747361363468,27.3815862917805,26.437533021652,26.2085025352914,25.6782203572304,25.4375575808605,26.6127095631935,25.6746280905913,26.5474387961306,28.3385880509738,27.2744011382722,29.1421257670906,29.5375404217915,28.9894888395166,27.5461572701481,27.1279780460073,27.6555230913263,28.5038723822303,28.5191974057329,29.6413843203338,31.2626849592161,30.849696780424,31.2265295599681,30.7490811031493,30.8565620984659,30.6814580112992,30.3056169311611,30.4701653814648,31.192469948909,30.7214148648538,30.3385733986735,32.4158558489015,32.8641988520246,33.0775570132377,32.5559741017685,30.9847668284534,31.7911580115422,30.4059252898435,30.0283976850854,31.1052091821459,31.8549000126741,31.7705972382769,29.882972429844,30.1323133454452,30.8054793185637,30.950741998698,31.9594498834936,31.057481019564,31.7513891766822,32.1808782920767,33.0004793649529,31.7601409429841,33.1695877249993,31.2703142399232,31.0876104707039,31.8666739823467,32.1066172590923,32.3489578923794,33.7507128316618,34.1033067987468,33.6005657373289,33.3606019013107,33.7443807692508,32.3019156655007,32.3685667145421,32.1962220861487,31.0062285833678,31.3937806588513,32.4361268998683,32.9795311574006,31.7018452691839,31.5982074453495,30.1333379060109,31.2559218953724,31.5105226918446,32.4901298810482,32.6303007134096,31.620019068443,33.5627430688638,33.7559529307983,34.7046156434612,34.4630363922504,35.5383074842821,35.5437834885447,36.1283583518765,36.2335572370643,36.0310203830994,35.4019406793672,35.9600940323388,34.4751385059343,33.9972163986705,33.2105929313363,32.7570641206035,32.4297127003063,32.2395638922228,33.1219601401881,33.0968302820999,32.1758941373722,31.6091451937911,31.4288331582875,32.2079144258628,30.8366521687433,29.9286225686406,29.7645943575456,30.4311417920577,32.0290100481651,32.9444383052938,33.4349096593679,33.8399004642524,34.6671115251188,37.4565636780581,36.6703390333378,35.9873644337612,36.1987874624616,35.5108828474608,35.4858437315667,36.1650138913241,36.2558090697657,35.7118872619249,36.6193554500279,37.1302684461892,37.5110285074348,37.6834403801874,37.9674417401349
25.364874530971,26.9324451415331,25.434958761304,25.4001863563169,24.5988559248412,24.7204504129669,24.709436839841,25.0142837812616,23.7564066605933,24.689154051415,24.8866600705724,23.9569293524313,24.3809460625929,24.4657362914712,24.2646101565199,24.6127809755239,23.7819160725494,24.0195049308569,22.6194820204196,22.2350061823009,22.9244503161507,22.0354822004351,21.2344615943046,23.4036666104446,22.230170674068,23.2013440684986,25.0063270011932,26.0488982083267,24.2192813401351,24.4533370683857,24.3612788775489,25.8468682339795,25.1335299586423,24.0955765753483,25.0473257685558,25.211170528064,24.2092905347869,25.9325833917019,25.6256741278422,25.3734526421975,25.9672565950914,26.3411840906094,24.8158050082511,24.4779674945395,24.836496530478,23.9873932383294,23.9694777119619,24.7957963367824,25.4153969652097,25.2190692234137,26.0410551279258,25.6793614179477,27.0529952173573,26.7432095424868,26.8379947538526,25.740544325309,23.8375008103735,24.4434926334749,23.9896033848827,24.8703998969652,24.5493067688983,24.1189680111618,24.1440036240274,25.5535274006792,25.9470863118793,26.0438573648645,25.9858679834475,26.9712242277033,27.2658484529422,26.2190943417153,26.3914958339121,26.615339879987,26.160897966683,26.7445153160081,25.7727767328436,26.5049476136498,26.207589904382,25.7794435821527,24.7663061920215,25.8292157137705,26.0127001636481,25.0358935552943,26.1547987690599,24.5241226388168,25.9457000524065,26.4391574723671,27.174759842911,28.8182082380837,29.1952096615097,29.1248884499107,27.9187416251512,27.2320797098395,28.3378451267553,28.7132860361657,29.1435473882974,30.4253152769318,31.2256824830148,30.6807192552825,30.6148247703949,30.6993133420479,31.9840753718352,32.2294487560961,30.9225822985474,31.0631028532335,31.3513940873035,30.5111207888331,31.0317909828417,32.3112402915207,33.174274717287,31.7323986958679,31.5272901820806,30.290975066344,30.5871033370386,30.8758567007338,29.3829205493038,30.6214981006139,30.967747351289,30.2826413872316,29.6660531858679,31.0342906994464,31.0006974472964,30.5114715151728,31.3217614578923,33.1088141952371,32.4383857098892,32.2904651431223,31.0370325029096,30.9198238167411,30.7036041308762,31.0409582860655,31.9713404683147,32.0848605915444,31.9378612593268,32.0569762524225,34.8982961893616,34.4182953984918,33.3201303982733,33.4195274118116,33.8613598869068,33.5627369639385,33.0598977283745,31.0922066661961,30.5503901523885,30.745712896237,31.5452016663697,30.9719887732132,30.9366130589396,30.3073494272082,30.4321570908863,30.3014130116262,30.8940652067399,32.0221053825757,32.2671113901145,31.9339856530588,32.5471147399078,32.9122465264115,33.3482267957729,32.3949964807525,33.6816037885174,34.3852359478445,35.4444933456878,36.2833737188872,35.2552619577787,34.9950024593012,35.8780760397151,36.0188235513934,34.1199518344647,32.1865163327537,32.4181740409487,31.5417693134273,31.9851804006953,32.3533512429695,32.3466254219287,32.5984368443211,32.0218989455606,30.5769901594108,31.4016734201335,30.6370360465325,30.5081810683334,29.7997030789481,29.9493085769744,32.1016279802193,32.797538384463,32.5097378906422,33.9172920925175,35.0139322715321,36.1206280859641,35.889690635388,36.1361403119302,36.4645525532484,35.0576946173369,36.1560131381563,36.542154540519,38.2240811432913,36.9758363441769,37.1290391123273,37.3730865338879,36.6958493466396,38.5742215708569,37.7634221702557
26.2619094354687,24.8953328486064,24.9777536625387,24.0754184286713,24.6051220751145,23.0449182205122,24.4612958529492,24.5908786759587,24.3851456074437,24.3567145862853,25.3435530132451,24.1182272645597,23.880587352266,23.8878681112353,24.5949146181091,24.1706570350142,24.7289502288434,23.8513714834411,23.5887135202155,23.4190291962584,22.8182075385717,22.2327401432139,22.645914701861,22.442855512888,22.395434517314,22.8973848466602,24.4437107388122,24.0704437376927,24.224435444232,24.268535833942,25.1533734275803,25.2122475919292,24.9113889394195,24.7150167073319,24.2540450398784,22.9373943675503,22.6724723761043,24.9760430369439,24.7903960612121,25.6900025054531,26.4656628828964,25.1672726059746,24.8292694209147,24.5968910931182,23.2577740693253,23.3262536760706,24.575173982478,25.0603124101917,25.6768951876489,25.8151127123784,25.2061824548135,24.9968966842715,26.2328829859357,25.7993677217552,26.3973435751431,25.266478137956,24.5422500170183,23.6132734161759,24.2551830295109,24.483609043383,24.4237484178652,25.5247849957975,24.3673027727333,25.082493746034,24.6843922587283,24.2791681121484,25.4482062060368,25.3959321608644,25.0058039499353,25.3144597502396,26.3356207741027,26.4361792347336,26.9610714921208,26.316529169792,25.4423584568187,26.8295898995123,25.2515467167672,25.3518583020326,24.6607043877685,26.0846451786492,25.9287908154065,25.32123199673,25.1913743717453,24.7445120518432,25.0335168269502,26.4341068867044,26.7390912893705,27.934020844714,27.8147043034168,29.0529855212942,28.129823527841,27.8234480608632,28.7293801880818,28.6613199631051,29.2102072140237,30.1388172230515,30.5884066389906,30.9209243065011,29.7062669398009,30.9312043909182,31.6218607402948,31.3483232594876,31.546631857968,31.8389195092539,30.7558532622409,31.1744379382613,31.6463224650752,32.9658450267696,32.5047522595773,33.2131987518015,31.615050638382,30.9402056553698,30.7532695944369,29.9081074739085,28.4120539891412,29.6507645122271,29.6088181438645,29.8850573116449,30.5208463475821,30.7250907930075,30.9273368144449,30.9322178905442,31.4642240174896,31.2923440848159,32.3654217111653,32.3895940963085,30.3392531090039,29.1511266777669,30.7475813813184,30.6513530624184,30.6903772452021,32.1144124808574,32.9338065955538,33.2311969985009,34.0543047137505,34.4738328598206,33.8562982486543,32.5720823621904,32.5531742970067,32.3658312804882,32.8037752240601,31.130727177344,30.9147720441556,30.3709654417239,30.1083215290936,31.7673640225855,30.2111230941633,29.3210462833723,30.0951376005866,31.2586935890344,30.5015872525021,30.4066519499714,31.5873426790651,31.762386091789,30.7648613920064,33.123439573621,31.3663631759781,32.6199251243937,33.6177929226067,35.1134433945956,35.3817274567244,35.7853908494234,35.6444499277724,35.6458461175895,36.5740481193082,34.2462402725415,33.5445487591774,32.1588508687891,31.715181728806,31.9930592877669,31.468013915666,32.2661388757391,32.0589180040681,32.3305912437366,32.0773922649129,30.5491192977954,31.3591668069152,31.119193837521,30.6354603138577,29.8613564950301,31.1007830719413,32.4198959126002,32.695126780611,33.5425339042094,33.8372027202567,35.723391433299,35.3581216383901,34.6096311904806,34.6778359732085,35.4516702195694,35.2711714644027,36.097247484181,37.2157228257654,39.363759054924,40.466920138557,38.9066340182477,37.813596235779,39.024127833279,38.4866293836885,38.2445426224303
25.3829352559999,25.3156081604037,25.1524528612408,24.2962201955137,23.3662984445387,23.0504551667993,23.7251527226852,23.6275417638602,24.8018810885062,25.6803641275573,24.3377178777793,23.8641650205463,24.7259646447034,25.1461137669795,24.7223721347676,25.0531715360602,24.4418869635852,23.4124221770022,23.1980945580452,22.5518646400874,22.2641388074896,21.4005212024511,22.652151483964,22.0740699325946,22.6728750728461,22.7291078360544,23.879546044362,23.6463077090738,24.4714716268743,24.451010640896,25.021726318933,24.2407400153651,25.0846851205699,25.1637274281682,23.874030311708,23.0521257830711,23.1482382883312,24.2696174991552,24.3820595026465,26.4768796768004,26.0817789809251,26.9707041996922,25.172535331343,25.8236154511642,25.0423275724149,25.2807786175892,24.7529995321064,25.6369760941509,26.0321115949881,25.8814605371798,25.410227201396,26.7138819232888,26.3996869045596,26.1336465990143,26.2655686602009,24.437359697674,23.5770296453823,24.226834455536,24.0365212321268,24.068475873216,24.3809638844086,24.9211266231935,23.5567890780053,24.1615634279794,24.5533469704022,25.0797066597252,25.6143058293845,25.755392582491,26.1865342302576,25.8161594324663,25.9909142290617,25.6296781009394,25.9383535104657,26.2281149832239,26.7376253495432,25.9404670365267,25.8662082251951,24.9762424026583,25.0757231647989,26.5442675154822,26.2423175252428,25.680202196867,25.1915067697202,25.5740083874642,26.0245495150018,25.2059960013797,27.1272997566484,27.1801447764364,28.0254975830307,29.748667380463,28.0720664332095,28.7469852430774,28.9849397588434,29.3383449768518,29.2596555201539,30.1794156199548,29.7299837447181,29.7110546520132,30.0417323271441,30.9171484315001,31.9217234975131,30.5851547822403,30.2179644852104,30.3810630404657,30.78641088793,32.3238794544271,31.4260741357525,32.4575417170383,31.5176818049764,32.3766543168262,31.0965115028419,30.1855326634276,29.3953504586852,30.0808257702617,29.1753900714164,28.8854701624342,29.0289074706482,30.2752088379156,30.5571946946383,30.681023207713,31.129852504716,31.4152455407866,31.5332007778129,32.6858713573825,31.8664322864037,31.3728386076004,30.4005777092992,30.5895613490866,30.6951604056038,31.2935396797814,30.2204934472824,32.4765803439139,32.9527495489597,33.317203034144,34.1793204450075,33.7936439993743,32.8976429567474,33.0339575030797,31.5094671160519,31.5192936450673,30.1972934098294,30.1490419541371,31.3550515190436,30.6197402506414,31.409591121123,31.3042717232366,28.634817464946,28.4589865681345,29.6092847298596,30.4382821437406,30.1893053907809,29.1000446183417,30.7668948393803,30.5246111282524,31.4922078727603,31.421050293571,31.7464216380115,32.8342005874127,32.8209542659622,34.0065904531391,33.6224957283979,34.21465149967,34.6628286062011,35.6570288659189,35.5822276094754,33.763649085589,34.2151167069577,32.5226906396361,32.5961818562243,32.3309952779387,31.2911492223349,31.5755833488672,32.1895866918218,32.3754196866828,33.2334922690579,31.7979536889748,30.8353789564998,30.805626277713,29.9073195320583,30.4070433732417,30.7929591552087,32.3488949299843,32.331964294654,33.7932535369345,33.6597528866127,35.7406442094687,36.3340431674245,34.3998813147379,33.6178696762365,33.9268830946935,35.3137297905014,36.2380291415199,37.2060148255655,39.3868297280887,39.3503624805898,38.8026227404169,38.2886072566204,39.9465106365468,39.0711097199341,38.0526749778876
25.6030352039239,25.3415481589971,25.6465053637526,25.0168574035342,24.9090023249353,24.0995242093262,23.7788512371659,24.6983331606087,25.2880548320586,25.6682422887534,25.6305319920016,25.4818762788721,24.9988871246038,25.2800135873027,24.9110622678355,25.3081985140652,26.1916709545567,24.7014251094177,23.7780623841799,23.8409192075324,23.3530973718948,23.2541193670142,22.6672029080149,22.9725773436738,23.2891670669347,23.4143290542843,23.4700158438706,23.7304128178144,24.5229557661333,24.9206099598565,24.8303374448673,24.9844053657107,25.0056967703555,25.0299772704001,24.5210885847349,24.1003817727772,24.4761717908993,24.5954983814089,23.786414152429,25.5704728708028,26.5453403930325,27.1922284476629,26.1356523487473,26.4070345745133,26.7912398992973,26.7908807654142,26.5827478675941,26.5462798300489,25.7023912677734,25.7113509608384,25.1339027747013,26.1953487915601,25.9517625832964,25.727583534025,25.8954527963125,24.9856074244764,24.0723643129446,25.2451962878082,24.3906569365901,24.93158891712,24.4117633837613,23.5949401175264,24.4534261447747,24.6253754608475,24.9872262147673,24.7032633143617,25.6540083018257,26.3820776976069,26.0308316656979,26.4938410452074,26.5282876339466,26.5349940220783,26.5383524262918,26.4089233014011,27.0216370866842,27.7364753875263,26.4942207942745,26.0431988132599,25.5843820068987,26.4877709075462,25.4549624656994,25.8297274515166,25.7376892263975,24.8517207860866,24.8625565487808,25.722984892882,26.7791025729013,28.7466476293271,28.8787528772601,28.8601096777651,28.6466070802908,28.7960524991833,29.1918628737826,27.754676954557,28.6001222523684,29.9193115791436,30.9396239027442,30.0414554051344,30.1710003288278,31.1594286924862,31.7349546873966,31.2845207405473,31.0076815140829,30.1007711603565,31.1874792724696,31.0091887483064,31.6597297808324,30.2756056632334,29.957064165584,29.6983920688401,30.1419605811323,30.6373055213472,30.7067224400839,31.4858036834791,29.5754399276424,29.2161050099716,29.3011337782288,30.3539505243722,31.8516694227433,32.08760681994,31.9905370207448,32.0895157902864,32.8559320321752,32.0576991407636,31.9948265208024,31.6902930466545,30.9318730532818,31.6392212911709,30.9207903611652,30.4942958026378,30.2655998781199,30.9900841913048,32.8765778349082,34.6396501727884,35.2463528790216,33.9637899384844,31.3169261983211,30.8836146636495,31.0142964218616,30.5179267537779,30.585037212821,31.7714385428238,30.8853117444864,31.5599730363664,30.3081400732611,30.7170635828316,29.6774507728107,28.6559866220397,30.2491077744252,30.4941909512729,30.0425611640732,29.4858252541017,29.4144080999437,30.1696654459855,31.4593378516922,32.368177421505,32.4749610215436,32.8523805623926,33.0954250705156,33.3308091878894,34.422792488225,33.5602345732538,34.1396727839026,33.6411511989476,34.2096642672933,33.5480094929215,32.9850277159464,32.3364345055475,32.1030798504281,31.4401533448291,30.8432056830235,29.7951723567153,31.8166008187389,31.7327207446434,32.3991619637496,31.7730368953419,30.7304222947549,30.6719006774844,30.1214965927868,30.3548730786973,31.4867934591027,32.6229096082119,34.0005768169482,32.8228778533552,33.5496852528866,35.2695965809738,35.3008533375049,33.9238005139789,34.1521420963409,35.1261746628742,35.5622178260009,36.3862009984975,36.5985806415608,36.9632024143973,39.5651637693592,38.1426815776652,39.322249396773,40.290888683435,39.5504938776503,39.2785651136533
25.4195858647528,25.7128232416908,27.0896965216026,25.2509422537996,24.7350846289128,25.0215439710314,24.4207289609718,24.6348701450372,26.3818757599406,25.8187941058131,26.654180936446,26.0932837722929,26.3442714881084,25.5769235636525,25.3994424366736,26.0803472921767,25.3855335083526,24.6641743595286,23.9263882235922,24.226935473144,24.0511821041135,22.6933872527024,22.5250505268768,21.9758877627006,23.1236545916899,23.753734799797,23.7420931860058,24.6646873312024,23.9614740557773,24.5394560485426,25.3915028558489,24.6529827089601,25.745143548673,25.7966646956716,24.9202235170214,25.2886863143645,24.2723904731366,25.4419696738139,25.1544640325721,25.2921396685767,28.1116917579481,27.7177117264919,26.8498192670401,27.0335108757122,26.759512421959,27.0665951337361,26.1312695429409,27.6456137424399,26.2099333093184,24.8304076446167,23.8471273942936,25.3270748241956,26.3624120174324,26.2845083450502,27.5978752924286,27.0538794542646,26.113934432827,26.2508648795528,26.1790120648634,25.8140486233869,24.7168570889562,24.0093164460958,24.2166299237209,24.1825629783504,24.8192032157537,24.568686652451,25.6191914574975,25.3336949399706,26.5773105449822,27.0718851795023,26.8369864653644,26.725083608958,26.3741790000948,27.4325562363245,27.2856813839261,26.9821970984247,26.6458652197632,25.6741170326584,25.8033186914953,26.1291358785085,25.6389705174744,24.9283226952714,24.8945781405261,24.2677577172603,24.8425227107744,25.7451162703914,25.8614557942697,27.5833330482489,29.3361659363161,28.5692193592647,30.2615922240187,29.7919480351146,28.8726984700488,28.9192800629887,29.3952999904852,29.3455010715175,30.446951373601,30.4291610894842,30.3380432737118,30.8247986179035,31.0173551377743,31.2221296689612,31.5093630159306,31.0305130674198,31.3490137066585,29.8921935384484,30.3273176354093,30.896181302341,29.7994879185333,30.7766644527299,30.562063097817,31.1072278626248,30.7995069154243,30.5817015897353,30.4683491064189,29.41072454165,29.2531693391143,30.2650604634634,30.4964626128235,31.4396364630296,32.4981153458924,31.0051578722555,32.3040001738754,32.2096961711796,31.1773421842481,31.3869339476077,32.0014250609915,31.5892665433797,31.900962142884,31.0863800221525,31.2563363622924,32.2113849751213,33.8141689267447,34.435223903907,34.2327156730927,33.7894569505486,32.2131549368417,31.5417883858509,31.2412359452833,30.863444200937,31.3435247360531,31.4869263646682,30.7897000775492,30.9567896689117,29.7446637388448,30.1848236167811,29.7527440860231,29.0174194507385,29.4130712451584,30.7950773835746,30.8835774253679,29.7469273105106,29.6244783605331,30.8627992527943,31.8456222792915,31.9864805383685,32.5765411463694,31.6811485152052,31.6423427781617,32.7683024651477,33.5631281076575,33.609397603363,33.2796728805871,32.7055589422898,33.6611939265583,32.8739782312688,32.7812221028057,32.0770379686861,31.5118714174305,31.2307912142897,30.8381452073043,30.8049178365888,31.3641393369033,32.6150201647945,31.5993967625075,30.5352115986794,31.0589776100191,30.474224898238,30.0641039463838,30.807549501237,30.8255149683573,30.9322874079929,32.9105499586893,33.6015774685315,32.4187089087265,34.0736324017545,34.4660052988668,34.2406237307981,34.9148903113187,35.6857935993356,35.4834905420806,36.1099995628763,36.7331217636294,36.8068915168101,38.0175632672139,37.7692115177356,38.3268089711597,40.4604200951021,40.1696650788903,39.0892525501955
26.0986874575903,25.9564470783343,25.7432645125734,24.9177348641062,25.3425525485022,25.6321726901638,26.5092449317943,25.8598657154704,25.8636122759917,26.8444141969882,26.3478668590512,26.4520288394244,26.7380824144596,24.597374788871,24.6493006123218,25.5904729424363,24.5902204428621,25.0624466363529,24.7592607642639,24.3875503011797,23.8135819713763,23.0655355549396,23.9013226222352,23.5794922203618,22.5787803277486,24.3822332135136,22.8355438410818,24.6341183663937,24.9202794701127,25.4184344642934,25.5568186389611,26.4117129688518,26.8597547953389,26.0975572273842,25.7057941332374,25.6838726709315,24.580403601536,24.3871277089472,26.2206513144091,26.6722943778526,28.604687356229,28.616113657876,27.8077104641211,28.2013478607384,27.8868588211113,27.8422271161201,27.3393537099624,28.5492955979265,28.1159897206728,26.5891694983992,25.8175629750856,26.6909056343887,27.4071297570693,27.8964853993343,28.0132050526562,27.437560188924,26.3456011453766,26.2641718684253,25.6512323324175,24.8863231194166,24.9474058017169,24.1961347653599,24.4956701801677,24.1283364077089,24.0948286102208,25.3470533490976,25.327997840374,26.7793252946058,27.7265464468439,27.9844420301005,26.9894329299607,26.8986762882508,26.6033527476213,27.6660683060641,27.3080252267619,27.8502388156215,28.0046775492302,26.2078080966799,25.6606359046716,25.4134587138164,26.3803347954173,25.4578165379469,25.0043810763905,23.5832443716363,25.020013402533,25.1772903115038,25.085298592532,27.260590496815,29.6560496922015,28.8843312184062,28.3016952042829,29.2585866199097,29.6071086165206,30.7226525532544,30.2776036085482,29.8187529243379,31.6666270927601,32.3460438462991,30.644602922382,31.535454352715,30.8264638525983,31.9266054854318,31.3645616369856,32.7595611959342,32.9165183342368,31.8399658079581,30.8502018984453,30.8079624223343,29.8564279857242,31.942673296662,31.1921010204017,31.75638143729,30.6420405291883,30.2814447655085,29.5656442511284,29.7770971479001,29.4211712774387,29.7614137190438,30.9780907588218,32.3836167641204,32.2318143229907,32.0509464508869,31.8745959323716,31.5481114739919,30.7954324290164,30.217443080988,31.9323402713787,32.3566887559876,33.129570417514,33.4883716741903,32.5412181122415,32.3050610355718,32.9839968831383,32.9517251565358,33.231058620515,33.7717775199022,32.0867205150069,32.9450227871649,31.4049524236068,31.1539249450959,31.1687373739424,30.8599725448195,30.6478451549147,31.1721641416408,29.6432108802497,30.2673923382634,29.9368120552262,28.8068857250132,29.5142837688721,30.4258740269754,29.7225136364944,30.0138824457661,30.8751845160336,32.0365751373975,32.0227401135249,32.4531570485898,33.3188108900282,32.2687646222988,31.7006112006822,32.3453802662872,31.8642187341027,31.9027177324056,31.7966714350499,31.9587388459192,33.0500772390726,32.0847414681789,32.1424092539926,31.7554730065717,30.8919956850599,30.0173680952963,30.5594362586762,29.3543513774085,31.030098456842,31.5560077493509,31.5317642810038,30.6158526153246,30.8561325995456,29.4438713608333,29.6723423172089,31.5635756961967,31.5245665932989,32.103541664892,32.2784740501909,34.5190399187723,34.1981128159844,33.9179358455726,34.2769447427129,33.6784038726564,35.3445386398782,35.666606630176,35.921081667924,36.6566572391909,36.0448094672334,37.9688845664788,37.2010111427715,36.8957000157195,38.86295999462,39.7949637538908,40.8279059280315,39.5584250687248
26.9081118926176,27.9415607575995,25.996565519884,26.2712579333498,26.0382112985529,25.6993273736018,25.868977984618,26.3477987013893,25.9674049315224,27.1031488701072,25.9901873890413,26.2339711814601,25.3949398158874,25.8791403347459,24.3151569228322,24.799703190091,24.6099300217451,24.769923590193,24.573277074677,22.7897933885629,22.6274881982831,23.7154036070158,23.3091519447587,23.9968427579733,23.8787735001051,24.0551982108115,24.6646841268707,25.3257117809334,26.6604011113828,26.9935433981541,27.4283184936966,27.9287525424281,27.9551295701861,27.0561251862346,25.8699091824047,25.8703797222669,24.4794576627212,24.9422307715127,26.4477813437497,28.3013339834089,28.8548402724356,29.7711483911571,28.9573245305823,27.7365201912765,27.6703173069099,28.6477983293147,28.4971599105027,29.0544178754815,28.8349998574188,27.7044229930284,26.6147103646903,26.9878393824942,27.3921870438719,27.8454907629295,28.2484445429803,28.2509975060626,27.0411313035513,27.0348470697617,25.8027405348256,26.5582349730489,25.6949067348248,25.0459405817803,24.9898351190131,25.2232140261209,24.7163852138645,24.9964088178921,25.9943627621246,27.1042961250539,27.3248725800359,28.191792483069,27.5314834109859,28.5118417443492,27.7989797823568,28.3382385805387,27.6650421591923,27.9688861751398,27.6235721535935,26.7127482514725,26.3154691434475,25.8977960464204,27.1004981383399,26.8774180619498,26.1942669263985,25.1789398802514,25.6151373348995,26.2958413348112,26.9412439753046,27.4521460229993,28.367537731029,29.1440086796202,28.5486643223555,27.7053447577254,29.538831548902,31.8551222804899,30.5800318591265,31.095044658998,31.1039542784891,31.6596897600532,31.726411416005,31.996085475034,32.2555405448612,32.2217360547705,32.658531401743,33.1989188094103,33.5424772222962,32.277624483651,31.2038568177846,30.7446024743305,30.8578706418484,30.563221432991,30.9185715159334,31.4594914738385,30.7832065023814,30.2108045032438,28.2799731045851,29.5321145612043,29.9176767469588,30.0571522566977,31.1528641785528,29.7794744574007,32.2269837493062,31.9490896807437,32.8854233324885,32.7760412529048,31.594825993321,32.0245216884852,31.7781620039387,32.6892838984181,33.6163656866285,34.8332034957473,34.3280108997838,33.437916811408,33.9891290767648,33.8564426006389,33.4937416529809,33.4497871446879,32.7468678150053,32.0994444455578,32.0352562284456,32.0405664297093,31.4661202226039,31.5443177975324,31.1398447199023,30.6688455228532,29.8835899326765,29.0258464313665,28.4390069270395,29.2094309142958,29.8023381307303,29.9066530424314,29.9455046208078,29.9039120855782,30.3699849429858,33.3763797502842,31.3636702884545,31.7780294443302,32.2339764311122,32.1705714927824,31.5529910461905,31.3040485729581,31.5883088201573,31.1903089662852,31.3176193530589,31.4652123742107,32.2870191243818,32.1181492199928,31.6102794981911,30.3986383401403,29.7199466160013,29.8252321953312,29.9823322712608,28.13206553407,27.7666083550701,29.0733560733152,30.0183263431471,31.0313659828019,29.4176904662649,29.4186776841656,30.1348992019891,31.3677878042698,31.2088026550175,32.073404878908,33.2417608522472,35.8419120497957,34.7014433950921,34.6724526284084,35.336159191981,34.8956672541305,35.6298918740493,36.3862544269218,36.5725303966719,37.1952904050475,37.8102318957415,38.6786030485647,37.8814403972103,37.7784921988898,38.312329552462,38.9212449419503,40.0336682868697,39.6779875172008
27.7864819051999,27.5809572185966,27.8002300907825,27.1095656024939,25.7849801553177,25.67275968322,26.2031790505811,26.42555273816,26.0032564836428,26.1290684043622,26.6593036669584,27.1490034040109,25.8865487565483,25.7289289576212,24.0476674450735,24.3364380234693,26.0643802673875,25.0471449152351,23.9695870268222,24.2520905897121,23.0806361940908,23.4505381605906,24.6406330553083,23.5296908562328,24.2581295717602,25.1708687665742,25.2635246124914,25.4827124864225,26.2320395493056,26.3658344295933,27.2109611513072,27.9069439066371,27.2092549398581,27.5111439558273,26.632764223052,26.9791820014661,25.9551956992794,26.2463263869123,27.1370342754818,28.0863431510189,29.017132226737,29.0942009426723,28.320761662109,28.5196955561681,26.6196129506394,27.6059962007235,27.9687334515497,28.0830539495521,27.2266161357898,28.1662111494568,27.5711123427069,27.6583349557377,27.9344278453792,28.2347037102265,29.3419232999991,28.5987083494456,26.8181728984615,26.8836356687604,27.1367867524681,26.1416149590295,26.2837700278397,25.9534515677979,25.7176991250142,24.738387638409,26.0723608639877,26.4277267588777,27.2925612834034,26.8599856097926,26.7186238508341,28.3904365322139,28.2522096661813,28.6075260438976,27.1854678089587,27.4915643061778,28.112363457346,29.1327145418526,27.6206855138462,26.5133649345671,26.3156391511341,26.3381701653129,27.8745875344223,28.7513423449012,28.4591163173503,26.9800340778868,27.1470739139828,27.1474421797843,28.0175657122685,27.9862806049431,28.6808167464768,29.1257505987845,29.1632868951284,28.8384045658522,29.3963249931764,31.1065112250348,30.8623078435562,31.1163594406355,31.8801661360892,32.2136834790862,31.9769932821731,32.8931524094003,32.231567008452,32.8585890583028,32.6097302446579,32.5088649124616,32.4323625799642,32.7687047905865,30.8850799267716,30.8857712547058,30.9531937540274,31.2418205537967,29.866568222795,30.6690644014425,31.0813604052184,30.7758027833736,29.3915855471025,28.5728064261702,29.1127138920803,29.8411355083323,30.1525355651331,29.4376178861431,30.5846348079701,31.2889828293848,31.6522503892853,31.6356074682577,30.6987302224006,32.0716074856778,32.2825002860881,32.1769410060534,33.789654454354,34.4226500789505,34.854094484275,34.3287305142185,34.0597055085459,33.2430790266507,33.1214594328437,32.9520643732076,33.2981199779482,31.6961071418552,31.7390931815894,32.2540763962047,33.0506743231335,32.1330941680391,31.7969008001356,30.7490669694645,28.7934506709548,29.1061900787779,28.1807447503238,29.0706047091748,29.872700662949,29.6186902147424,30.9760049265378,30.0045909501077,29.9140657963819,30.1127251806038,29.5061622916792,30.7072104211794,31.3010843836536,32.5410084004709,33.0463604032313,31.467940340224,30.7222943032432,31.4516687965287,31.3923873647569,30.6734447885843,30.7955678782878,30.9336536992447,30.8375348950845,30.5969411634942,30.2650798481828,30.6928080805597,30.532479285061,29.8956013764465,29.4655731210212,30.0728260405957,29.8444174206811,30.1092296594936,29.1831976309536,29.1274456036003,30.3118582676585,30.7976217636763,31.2403579616585,32.864000392394,33.6853886689284,35.547033854218,35.7556402192047,34.866922806564,35.5049822719605,35.4855302039915,35.1912881568056,35.3661849785047,36.481749323227,36.0016636312004,36.8628020256318,37.4511896203957,37.8107143106044,37.4396400312318,37.9025053983954,37.4980639111033,38.3977427420526,38.9550273672362
28.9804602620292,28.8911590134983,27.4990923946878,28.4577687921299,26.8175696029677,26.4753518277175,26.839337817823,26.0179278583161,26.382519555959,27.0681233859394,27.3804228287145,27.4942833150211,26.3677992429129,25.6553992158355,24.9071271009234,24.7914508056538,25.7067548480195,25.8707753728529,26.5019053296371,25.2320502506661,24.1939773654079,24.1794402403374,23.7654535115548,24.3279998858561,25.781140527737,25.2232575436568,24.9913985113749,24.8138446031759,24.6732779112291,25.7704960858791,26.8575750955209,26.6837431908785,26.6163247583458,27.0570419556522,27.7435041835297,26.2240198186816,26.0262582303474,27.258505912694,27.6791789867178,27.7269737058486,28.9043504142796,28.440143153168,28.2172983933599,28.1277296027404,26.8768951408046,27.8051352277924,28.7908010428317,27.6277978539988,28.966358212406,28.0685294316266,27.436594699437,28.2268732364168,29.692453197363,29.2322400677417,28.7821732070648,28.2103553207085,27.9510712260861,27.1270920523879,27.7200481074219,26.6959057793059,26.2859841593751,25.2910486438488,25.7800611136423,25.837595011532,26.0302731271814,26.94104797572,28.3612741178002,27.2543208775977,27.0127452683923,27.3679268970628,27.1622935030903,26.5235431947265,27.2104731611586,28.5347384057009,28.1093756774834,28.1732523420436,29.0720367547878,28.9961207197695,27.8278298236646,27.9120719766591,28.818927365706,29.843350456842,29.6168627696337,28.1933718386474,28.0629394341582,27.6185267801906,29.2958394459591,29.2501811687325,28.9617467421344,29.8753614137467,30.348093560126,30.3108720771426,29.3218316138743,29.2685743560102,30.2559488071206,30.2665575354376,31.2006979440289,32.1948270866136,31.0194267618018,32.191435452042,31.6882889075516,32.5806459677766,33.6316835025096,32.8307175587118,31.5595274804982,31.8368321492925,31.3835818787546,30.7980115465112,31.2263655010041,31.126848985679,29.4402718798679,31.1428529455544,30.1528137491797,29.6785379324038,30.7909900690113,29.0739931640781,29.5698326069894,30.3173580212673,30.6384859971652,30.9692083448439,30.8385376829416,31.7032446890343,32.4215870809608,32.3230385072611,32.1597603886977,31.2297847165332,31.4762073448131,32.0344970074243,33.9130407419241,33.7965970920369,35.3741523519118,33.7654800055566,33.2401087619579,32.7124366961857,33.5793457790276,33.915782452532,33.6280426014593,32.8039797156473,32.2918327568944,32.8579162067978,33.940180673861,32.7601516092363,32.9473120251493,30.4462025002977,28.867193562362,29.2333425141474,28.4380164526332,28.2010048677497,28.913479203398,29.6957336017185,28.8449107276447,29.4675958292547,29.8438170925638,28.6607332515526,29.1727080794448,29.7017435105654,29.1091158603941,30.4078415385162,31.086362165965,31.0056274697869,29.5641930637276,30.791416606494,31.6519389518719,30.4445554945156,29.1358596541806,30.2698680781199,30.3407119354602,30.1970527022623,30.2227833373385,31.1121388122282,29.5794875554177,30.1846280159655,28.8392355032758,29.5454612724089,30.9207227183441,31.5682564580455,30.4942485840127,30.5094599938863,30.6917199799073,32.5064906376877,32.4257179507096,32.9573170637187,34.5690720787125,34.6795814644783,34.9117684467008,34.9611001645697,35.2040553657389,34.9081101092906,34.7946186564363,34.9485335035989,36.117192013951,36.3449417445356,36.6551788711013,36.6351621565763,36.4250216888742,37.0053274065825,36.8232306620766,36.6592209896371,37.9070130726127,37.7277475763557
28.0218727586173,28.472034675592,28.2729779416795,28.3557809995101,28.5400930594422,28.1327081818798,28.7718378032782,26.2275969638833,27.1914964441403,26.4200207609982,26.3165425755005,27.2216270338615,26.6531935787006,26.1987182088546,25.3000106776703,25.4869044761912,25.8668438075095,25.6807942293201,26.6484024840646,26.6617186929552,25.6620670079279,25.2120242719075,25.5272221330194,25.5617306102606,25.7187476110042,24.8748195655699,25.164680485486,25.3255608517317,25.0115264780237,25.960397071655,26.4268675406907,25.5259582364226,25.4399696098128,26.3420988001253,26.318869135458,27.0488098837027,28.1526607697626,27.5852069641418,26.3232915699619,26.6076668566325,27.2006901105243,27.719830694773,26.6496240771024,25.9018485622446,26.6692989633976,27.0341414958722,27.3909687593691,28.5375540526105,29.5379818004851,27.9594159932359,28.0570927776966,27.8170768722299,28.1111271762433,28.3133439028112,27.8249630698225,28.5708670037183,29.1901404565284,29.0704447266363,27.9977865773383,27.8848113802585,26.8721387684229,25.6889182682445,26.9530779171582,26.6893788502225,27.5346269527881,27.4395750674212,27.4892378638804,27.3853836841937,26.908538049672,27.0634601559918,26.9946886643422,27.822660785282,27.1556075418927,27.7019089144825,29.9093879903121,27.5075766168126,27.9996059387279,29.3108994081382,28.3703611107168,27.74054524634,28.0227082370511,29.0712608187064,30.952868191996,30.3037500623412,28.8308327761501,29.5945364709051,30.1066636615607,29.1939116194882,29.1419237333433,29.434987288003,29.3211652262791,29.7085650426672,29.5621362918828,29.4678241003694,30.8899344303068,31.2970116580269,31.9249898136977,31.5007445550467,31.5537562196153,32.4506602232406,31.3635845685703,32.1909765139596,32.373419875044,32.7744222039419,33.195147139942,33.3234236412364,31.7000915641348,31.8284773142493,31.0840468256329,30.1132990229194,29.6322609377745,30.50048863889,29.276787656562,28.742601270828,29.6142887353594,28.6970663630519,30.4503589611128,29.8091158124902,30.9277006688609,31.0820550522553,31.6277605272549,30.4914829668446,30.1942226878516,31.0450815333591,31.6748091440713,31.1505596577734,31.8126296342267,31.2378587405935,33.8657722525417,34.2123667182203,33.1342179489825,33.3684789806869,32.2500159612425,32.0354343219401,33.4308734339741,33.0143344017214,33.5958219585731,33.0476629433569,33.3925095932546,33.9717928060163,34.2238197668793,33.4034338507271,32.2842103271443,31.5872422131055,30.8944618382516,29.8433674858254,28.8564110174442,29.1704423007749,28.1827836931144,28.5703875749704,28.5609156912609,27.8359071640849,27.4284831291678,28.9220796916932,28.6831578036072,28.4852388052719,28.8534225729985,28.00734924015,29.3582576571309,29.7843641832583,29.8828172018923,29.0369792590877,28.8662847370934,28.7880985363806,28.1778999697853,28.4955202489403,30.1496662034943,29.8149748778261,29.8544431836087,30.4612217971535,29.4163148180008,29.3543517834672,29.4807996272581,29.7912712436587,31.0799666206415,31.2430382436698,31.7955079274481,30.8118237448844,31.8544466716847,32.5159571357369,33.8604106154018,33.6833157480005,33.5287109050693,34.9183454877144,35.5666328620557,35.0558665414287,35.0640982447943,34.0507711003045,34.6473151438249,35.7244469272253,35.9970033220455,35.4874085477804,36.0224496276265,36.0041522555424,36.4024410488656,35.6931057063725,35.4123971989831,35.8643618779136,36.8155973037967,37.122641594878
28.5835411397842,29.1315356037699,28.0442958123898,27.8546346034787,28.7702835140823,28.695012031542,29.0522680123657,26.7337305390848,25.9922553770583,27.2165667251695,26.9069223423833,27.4209114764424,28.0885687343748,27.484748243852,25.3200362781586,24.6296344138894,25.0886353513788,25.280865541386,27.1189898876684,28.4246228746726,27.3750541940498,26.4712385344616,26.1006670626295,26.4409366039767,26.3719315909877,24.8110180545728,25.7228353434459,25.7939065056763,26.1266645050076,26.0580929746248,25.5485881726504,25.1019225811485,26.0220016916933,26.2709346976205,26.6518916280975,26.7034441510929,27.1055357886275,27.3126638543115,27.0456284619075,25.7794574416691,26.7641974370367,26.2879886574285,26.4128368671361,25.6866167624776,26.0257725357328,28.2569980328821,27.300027148964,28.9685550163613,28.3096218582095,27.8174550211186,27.5820603461773,26.2617031469294,27.2508391010647,28.2643409064916,28.0660972294698,27.5980288370377,28.8558257171988,29.0246453179932,29.0465808505626,27.3194272626065,26.4822632184218,27.0801604561112,27.550140218099,27.877030945391,28.1676520857359,28.067811801868,27.8090712032242,26.821704700491,27.1087095743698,26.8125233488728,26.9513814304228,28.2014455543572,27.8505784117831,28.4564084615508,29.1124566779492,27.7585710874178,27.7100545019227,29.2124061570615,28.8944757055204,28.2730422222508,28.4463345453718,29.4876820120299,30.3737983720261,30.3446528737999,29.1753299468556,29.2804915984386,29.2295272738379,28.1974070965194,28.4770809141422,28.981224531021,30.0017069272346,29.5018347478265,30.5059461609984,30.1197207434237,31.0528821417135,31.6899404905151,32.3808654894209,32.5154890461954,32.6555650779639,32.5174131373211,32.4665396351148,32.4173869802571,32.2212971012323,33.498123855049,33.7965814883846,32.5712194011151,32.4454892346301,32.0024095248524,31.2036437377696,30.3272330587028,30.9035320705067,30.114271512171,29.2637922958139,29.1815596402637,29.4066584274171,28.9948920158462,29.4708365389394,30.1965342781564,29.8168471892367,30.2704732550798,29.6206989522625,29.5706439118033,29.6974851490126,30.1402478647891,31.070023573517,30.4307981960917,30.8482732059655,32.4590671542211,33.1165732100254,33.1275278068379,32.4744081146342,33.5837384714488,33.7130436034899,33.649565721889,32.9079091308771,32.4559715721026,32.8523342697133,35.4227970325656,34.296317936523,33.3658321398246,33.8411560630245,32.7947632988422,33.1295850346412,32.2737901356728,31.9348278174903,30.8405945539475,29.8651293779146,28.6651519033132,27.45490045663,27.7324081273931,28.2976098451629,27.3883202780832,27.6739148882369,27.8570529921615,28.1797353515894,28.2688469837588,27.1856671792669,28.149502004449,28.9200902809719,29.9881794300147,28.685916464823,28.6163074643211,28.3028359776664,28.4049672938023,29.193089127715,27.8225744263916,29.4633051537367,28.9028669744882,29.4463278140581,29.9135576516505,30.9979089372234,29.7135307785937,29.9862330948904,31.115192998607,31.4229214056722,31.2827710270758,30.7484249380543,31.8007466977763,32.5391475998836,33.1327383730618,33.8760345324294,34.1509538536777,33.2347392422264,34.1889983358884,35.7595843959263,35.8956273697798,34.4577706040368,34.0940479172311,34.2921225471926,34.1083849497914,35.3966431449222,35.5975143309675,35.2644941304807,35.1901719013111,35.8345486864801,34.8197380124537,34.4615756483359,35.1550783697415,36.7594970994565,37.9197342587636
28.3007904121595,29.0962710834264,29.1694124662601,29.236682314855,29.4270438356578,29.4780842324287,29.8477956407036,28.5068678533927,27.0351671706293,26.6362936663731,26.8737836980441,26.9621503538592,28.4234418959923,27.9423642130811,26.9581720647841,26.7291181811185,25.8512889672293,24.8676628257801,26.0312939818309,27.7179259170646,27.286042812621,26.4867910145094,26.2784722898733,25.5199751938771,24.8251768215322,26.0712291203804,25.880495278559,25.9722134743319,25.6921666109459,26.7424283010286,27.5298125961509,26.6129553392573,25.9053796238422,26.4451361682055,26.1685539991335,26.8561087797293,27.1650866323014,27.1194653512341,27.9462176926236,26.3861395220367,26.5199122020509,27.1762694805682,26.7419164182232,27.186078436289,27.9336530130104,28.5792811645347,27.1773060504746,27.609957223211,27.2427018002283,27.3416696167252,28.1063635552063,28.4604536257587,28.0051181845206,28.0807039831091,28.6400123234829,28.7714575987598,30.2523340013543,28.9165280127667,28.2663386382522,26.6221081886168,27.6791347515556,27.6433856151366,28.085437607561,28.3045260870293,28.7749038374566,28.4148783804392,28.4402695275784,28.1240143957234,29.1825293014755,26.4461515908731,27.1376761472392,27.4365579810721,27.7655976828883,28.6634511858628,28.0592560983656,27.9949230547148,27.1050053736837,27.9788793686129,28.6938009769742,28.0531661013721,28.7889410132496,28.7240009833214,29.2571953565936,29.6416753420503,28.9113427911649,29.5146351591159,29.3787918535683,29.0397336609968,28.7165983629901,28.9802578649538,28.2721085291485,28.9648082608492,29.4047637585312,31.5683162164108,31.8994458962903,31.2675463141467,32.7098072988637,33.7636680357952,32.8817851910457,31.0162805120919,32.1144784318853,31.8062585184143,32.8749139965258,31.9822463668032,32.651700272609,31.6558223991028,30.977759052373,31.5692582786533,30.9221768432819,31.4264273841532,31.2056414154462,30.3452216981372,29.0169181644281,29.0561718849133,28.3772164129147,28.1481943326358,29.5744753142953,29.5627323870032,28.8550909546464,30.6113724110981,29.8603071921846,29.6929266790028,28.9086413486585,29.6479420369155,30.0396089350726,30.7305681672185,31.039607242945,31.4054701669131,32.2588061451858,32.0871548984679,32.6093156340612,33.1924150462875,32.9365603681817,33.0114626202288,33.9225672285518,33.1828655263216,33.3692962458621,34.3452494823429,34.3815523671294,33.8489027897646,35.0648739781901,33.7543555247301,33.4229085970885,33.0573775895912,32.1968039575114,31.3113376481573,30.9669360871792,29.666243812553,27.0105462779979,26.5339431722928,26.4698218575244,26.4916150220513,26.3929271529931,27.2364080904346,28.2966376042363,27.901547903432,27.3671250131628,26.9052869505339,28.027416608899,28.4683467682827,28.4138760000919,28.7758397885643,28.2058642814651,28.2115068666011,28.5265123010411,29.3409351677783,29.2517660447402,29.6534218867513,29.0782590262666,29.4221643620919,29.9344802543113,30.3357621052875,30.266382249847,30.7040786842321,31.859622317232,31.4557620799346,31.0327385082756,32.5136800161416,32.5210277681266,32.5121484235025,32.4085850827452,33.4054080465474,34.0613944149289,34.3703315443032,34.9211286053319,34.2346713379686,33.6372644413009,33.7542866200541,32.9149830840965,34.0848290272869,34.8509208196506,35.5656715917435,35.4629221311419,35.2509664085539,34.9463156404587,34.5074436591551,34.9611461830783,35.9949882985332,37.3797989885925,38.0608295215124
28.880815445469,28.9600136237049,28.7852465229326,29.5412961077131,30.2290304648737,30.5317800737071,30.2626791797851,29.8825044554857,27.8726491585278,27.1254627669612,26.8533424521326,27.8025847308254,29.097166122483,27.6660948700344,26.8265489112219,26.366835256874,26.2182384727105,26.1078995600918,25.4849984102157,27.145963952486,26.4991625076942,26.6040348894814,27.3509996447272,25.8454518911392,25.556923173774,26.4966138452227,26.2632828596134,26.3813255875546,26.0927102507682,26.7769768589654,28.0069875711706,27.3631112483609,26.4224208143145,26.9746911860594,27.7246137488151,27.2098450223364,27.5663377379538,27.5299334289917,27.043446438622,26.6813210976397,27.4277352927739,27.3195573122395,27.8772219163063,27.8316860055328,28.7017825727563,27.8884746776576,27.6853485833342,27.3475829881609,26.9379323484687,26.8993368834773,27.8737657792864,28.3722279404899,28.4157971076631,27.7757099671944,28.7677773641536,28.2490612270188,30.0016117613431,29.0387446951175,28.5822217971153,28.0514321958966,25.3584650879339,27.6740875479567,27.4915830267326,28.2507360026193,28.9299304189336,28.3087866898192,28.7873389576411,30.2430366299237,28.9834304477005,28.7116320743353,27.85770247077,28.2941337429661,29.4097043206744,29.2974943243731,29.5521702187945,27.6737236993408,28.4267488452117,30.0795363197312,29.0120941094639,29.0294246676381,29.4324538291051,29.0186906742277,29.7088764963891,30.3988347364402,30.2369005191117,29.5751791565611,30.7402730661905,29.4437937064014,29.7422573320209,28.7994828319709,29.2265839095037,29.5763287731263,30.604724268831,31.3206707594913,31.1817604295945,31.3159196987695,31.3396775268503,32.015865181277,31.7427831767743,32.5228605187849,31.4006779681937,32.1315716615059,32.4915085209712,30.7707686178018,32.1409910061785,30.9835391617729,30.4251709322447,31.1816924707574,29.4299323406337,29.4601226287695,28.2193024778796,27.2922873816978,27.6504562974651,27.8952185661228,27.3474267957733,28.1108553546486,28.895450078909,29.6005074247887,29.1624674435681,30.0196324415585,29.9570126019492,29.8012802624029,29.2866117612639,30.1540270292714,30.0053607395493,30.1955492633731,30.9335683976537,31.4522667379705,32.1995180492391,30.9659471218742,32.518337700749,32.6813684333887,34.2673754297213,34.2477995592181,34.3514028332472,33.5726075814009,33.782533024534,32.8694427678188,33.5519389513229,33.9248971116955,34.4596349187288,34.5524799510275,34.5825042353226,33.2358391668828,32.9525103941729,30.8013544516427,29.8471042893574,29.6407371140325,27.6638720035397,27.9818396312645,27.5110458068348,25.8891873948503,25.8278039260423,26.4008350336113,27.5452212090959,28.8150712171408,27.387447995462,26.5842069860208,27.5048374384754,27.4100710570726,28.431233077459,27.6332264036778,28.0671195074227,27.7621479258276,27.5398919252478,28.149578018469,28.756642512936,30.5129442014027,31.5164842680249,31.1368342466853,31.0393204038955,31.4729900357267,31.4908037559456,31.5057251245553,31.1569505261707,31.4875218000215,32.4743058284674,32.4877520521762,32.8950255835202,32.9513169638907,31.9040830666081,32.4513985885676,32.664110280881,33.4466080324614,34.2392503801817,33.6374474482536,32.6433680018255,32.0358445533767,31.8778428070272,33.1612822702317,33.9090419998688,35.5257990439697,35.5678921359399,34.6436539119127,34.7494824324575,34.3454600327507,34.6941132287475,35.6996594286981,37.4011470579979,36.909787262092
29.297462343899,29.6620636241836,29.527572104107,29.8241122084699,30.2096962740494,29.9221686035092,30.589173895077,30.1804481537403,28.7331876176627,28.0795497440852,28.6767146438377,28.4772729905136,28.5673327603274,28.1569511803883,27.0847273210625,27.3052101109404,27.0045614343602,27.2063857825935,26.8122776466479,26.3762838079151,26.7446937238576,25.7199548324542,26.7754411065229,26.2471223164024,27.4908605002358,26.8354569446859,25.7291922547603,26.9643284531175,26.1517501226689,26.9094965134458,26.9741404446106,27.2763137452257,26.2987535701525,26.3898389809914,28.0334703627628,28.4725303435168,27.4399792751057,27.7714777104167,27.2378179355546,26.9195405063217,27.0241017859096,27.6528579520815,28.2997542360042,28.8762436030148,28.7078199863811,27.3717019151286,26.9782132054999,26.9384280987534,27.4360926960018,28.1495601084789,28.3153366868973,28.9255486410781,28.9399296838478,29.0769355923724,30.217395698558,29.8730647835317,29.4064685760468,29.1726459634161,29.154902789643,27.5388755868989,27.160302324456,26.6868862564214,27.186062310606,27.5432981458922,28.0562004176,29.0579463045339,29.5208300895617,29.6169865545722,29.8493187884329,29.3561620257564,28.6088781315198,27.3326362335969,29.0038987179071,28.8575154055444,29.0943208242385,28.8809185090552,28.9969166406037,30.3996746763316,29.8353776909207,28.8793317910702,30.5842855723103,29.6910164342545,29.6877999733578,30.0873392993717,30.3434780360893,31.0745728456365,30.6276069257719,30.1475003788011,28.8410054702052,29.2321509769339,29.1842143890098,29.8138930603422,30.499332422135,31.1766775157345,31.3372963900453,31.414952371896,31.8524147817077,32.5110454135777,31.9556496828924,31.3707409669296,31.6702188684115,32.098133826917,31.5901009507783,32.4831166177472,32.055507761812,30.4794505122019,29.7551380635446,29.653996525892,29.162626120104,27.6863689859827,27.4340453381366,27.1466790815133,25.836678259941,27.0473129821017,26.6408178121622,27.3291667164575,28.4659156488284,29.133104379082,27.8402978613284,27.6254566149512,28.9484764014327,28.4191067311508,28.9436283737928,29.8350310840695,29.65562662478,30.6489332527644,30.9771190291648,31.2841928677513,32.569175603899,31.6570113206871,33.3140956535905,33.9359325622879,34.2311000564125,35.0256172915171,34.628322863774,33.1841014258502,32.0294474811315,31.6922113382519,32.3248218974018,33.249338294601,33.7567841907988,34.5791119761466,34.1852620353372,33.0810533320941,32.5973107007208,30.9313250453816,29.924996322374,28.5490062179273,27.5545608077182,27.7982081270371,26.799089071611,25.6823677668537,26.0147057862939,26.1458522582083,26.2607986667368,27.4857175543429,27.7946647882786,28.6608096287998,27.8551835760539,26.9879713018534,28.2640033631969,28.2267515302771,27.7130737177323,28.1167221006346,29.1201822177258,28.7101368742707,29.201651318056,29.9403160077117,31.4337828586211,32.3248891189573,32.4639304679354,32.2534052272976,31.4115714068998,31.2487147012983,31.3316409188044,31.7554761634381,33.8084646656401,33.3647284422084,33.2430639726618,33.8884848417328,32.9428337599415,32.5156191485429,32.4868975612606,33.7110630574165,33.58931443358,33.3496095743706,31.7084241933257,30.6623515101313,31.2478471361516,31.8385407268743,32.5633265343012,31.779151993185,33.3547534975386,34.6287186832149,34.5394896651926,34.0749094581634,34.4956211763369,36.4593121126029,38.5248182348114,38.8714539304932
29.6032397140221,30.0790789345549,30.1844602420865,30.6411719216001,30.4410220223748,30.7683635273145,30.3562799326774,30.1646277921938,30.4704581854959,29.2033515097152,29.27522001855,28.6983905230032,28.8638364563092,29.6727166181955,28.1147800981609,26.8432215771972,26.6685651991294,28.9466389365917,27.8178192607048,27.2793542252305,28.1166001850599,27.7560003995033,26.8255689606759,26.5558947137108,26.7575598512719,26.8201694897589,25.5698231998149,26.0918608308974,26.3232010454224,27.2864322568677,26.2572292818538,26.7126779724065,26.6610658356374,27.5978751963612,29.0168177166418,28.9632220645577,28.047699217094,28.072953892406,28.1923081272661,27.9845588099266,26.7269183091384,27.6982140999909,28.1508670050322,27.7549079075906,29.2938978490352,27.632654628003,27.2385353657127,26.8221267612769,27.2911375859218,28.4128618145761,28.2774978227626,27.535843830328,28.9191874476359,28.468881415744,29.4902294827233,29.718855523354,28.8542024745357,28.873606666194,28.3913792573477,27.0035199559969,26.7595672993143,26.321360327301,27.4197236427058,26.37182400571,27.0780513607984,28.1939073902113,30.0096735189881,28.4665984308955,29.6840615292677,29.0030592502378,27.939880941649,28.1590408024222,29.3348670253064,29.066767048812,29.0245856822896,28.9804482246517,30.0542785132285,30.2275789941765,30.6035442421744,30.3348263768607,30.2575690784704,30.5406930509761,31.1781942612538,31.0466203068174,30.6387548172525,32.0626126265113,32.2207249078424,30.0036383436975,30.8034819450689,30.5079422420159,29.8818111002399,30.9313712516483,29.9608184230294,29.8832241508879,29.3785812624814,31.7129333640696,31.9427836141128,32.3400556238184,32.2303901723694,32.1987991483233,31.0894059641626,31.3578836717069,31.8856637721276,31.9744834621034,32.2817196859155,31.2755154902422,31.1632323754478,30.4845790996316,29.0746668095845,27.5866364836233,28.0059967271253,26.4072482860264,26.9699596852544,26.7849986185755,26.6102039580292,25.4274426719843,27.4402230310264,28.4918103430086,27.8921308989549,27.6935405291651,27.5426163773317,28.1005663194958,28.8677757217209,29.8243459948093,29.3248077526514,30.5865463890571,31.0870148302562,31.4359558357607,31.8500624049226,33.1235681422917,32.9828847457961,33.2925631918375,33.5150730724427,34.7490523425961,34.1351085738939,33.4986369497319,32.3478993682729,31.8174906910691,31.749233097744,32.9820653843326,33.9270535752165,34.1330068928604,34.5402614429368,33.1696415736834,32.3741404584562,30.1313245524755,29.1698348797697,28.0973396440103,26.4899699051866,26.373951776891,26.2964010470226,26.0950942328083,27.0190877076336,25.3549198490514,25.9189397498006,26.7830529307249,28.1933925869411,27.3365410731197,26.863538604667,27.5558492376621,28.4762584864934,28.5875948623901,28.7836307096954,28.3842147981474,29.1261751976992,30.1921362887986,30.3482053198556,29.0375851041182,30.9209902928281,31.6806101090914,31.5185922909431,30.7383048846878,31.0622774746938,32.1948346296147,33.0836298142898,33.4160704461075,33.9597813834421,33.6109628453715,32.6919109277307,33.2930235451767,33.4939473545978,31.6969097291953,31.7220838375354,32.7708402418564,32.2685240758725,31.8276155416066,31.5370826989668,30.9857319184981,30.4140164374104,31.358635881737,31.9456227219643,31.0909662020194,32.2121692159083,33.0569671646771,34.7827284558271,34.8950839441415,34.9417503971898,35.9396856260569,37.999913140224,37.7027098148765
31.330975058111,31.1985177293806,32.4114513821322,30.8477300882124,30.4018702108734,29.7467624845298,29.1128651597248,30.9956875193842,30.1837569344707,30.222558085041,29.2590878619186,29.4698897404132,28.703711553984,29.4970170312222,28.5229089049881,27.9457014893603,28.3340711259626,28.0574289962421,28.3404282174048,28.0398122040567,28.2301322977126,28.5073146861776,27.5493390766599,26.2591705762292,24.8881418687722,25.219694707025,26.289761831263,26.6836614276144,27.830667365055,27.4046100808149,27.5290332512751,26.5561998136892,27.8806880787832,27.9634673816635,29.1657975937364,29.5573566489324,29.076413495768,28.1779032408827,27.4975621968419,27.5388405162553,27.2901714457496,28.4872483233087,27.524300343679,28.8032232890152,28.3447829476111,27.8803691509545,27.0992588888545,26.9812371740057,27.2034169844593,27.1433398799032,27.4348966600217,27.8313786351687,28.2206997844934,28.3320750813104,27.5398182935852,29.0153196714868,29.0158196637274,28.7926357468745,28.9142073227649,27.9584884425165,26.4939238635881,27.11619010339,27.0541808091738,27.2871666659118,26.934965256024,28.0074328739185,28.6753486624845,28.8547381398163,29.0246949903508,28.5416811911902,29.1357111185098,29.1154253809221,30.231626602854,28.8860773896048,29.3184099345531,30.0466085961079,30.2387651135559,30.6481611120289,30.4586094466512,29.169073138747,30.244456988842,29.2098047507419,31.2279056350762,31.9478920460697,31.4886523719737,32.3754664306731,31.457003158108,31.0755308026745,30.2291444895292,29.4451591945961,29.2659590671579,29.4578179455111,29.8063205297968,29.9201644042328,30.3432167602886,29.2827694691282,31.0284373874349,31.3592935619282,32.347914304175,32.3987514524355,31.3787629138726,32.0622697451906,33.6760932082185,32.6236682762176,32.2118469289017,31.7639705990723,31.691575139947,30.8598054449961,30.0509963297478,29.2638713630074,27.8038599796146,27.6069199315536,26.1341287772354,26.9537443622257,26.4950323930093,27.3251295420049,26.7905454502807,27.1089873446577,27.3792702633964,27.2372491783523,26.9372942781845,28.4450490662644,28.4082306521815,28.9410749057247,30.0146583740271,30.2578997234085,30.5353970152904,31.2037018622453,31.8013533982928,32.3839482840806,32.6199225429481,32.8204098989954,33.6035195271741,34.349136106949,34.1424857539735,34.1758632032174,32.8877712892083,32.5826570650369,33.3075737436013,33.3991445719655,34.2839584455697,33.8340909032607,34.2330514763579,32.6626821998914,32.3641741805169,30.3955303421857,28.6599362111802,28.2564538192681,27.5395785475723,27.5714682835572,26.9163720218507,26.4700202143474,26.1192854556567,25.0027503988464,25.350835379069,25.7119035486512,26.1291794893831,26.7858322252803,27.1081324688425,27.2097474933972,28.6418352903574,28.779555589485,28.8587185596619,28.7348217340757,29.6357006839956,30.1851212511243,30.3795291554496,29.7966529822557,31.3793981958009,31.0114381532494,30.6935780097265,29.132653983195,31.0994660706422,31.3629330787918,33.0038400285481,32.8960204216363,32.5767103407534,32.7362905555805,34.6028040899948,33.1435786264446,33.1484489778114,32.3093861292317,32.5062118212288,32.8434096115572,31.5101355708671,31.2861947390361,30.3257400827657,30.8629279348797,31.7685429290509,31.4133912490238,29.9769687996867,30.293607405494,32.3430055227147,33.497902881493,33.810603500772,35.030226696313,34.8450547239019,36.0926524178546,36.1487133930116,38.5853603120168
32.4016850174512,33.0696522706909,32.8935082699713,32.431611519902,31.7085043643407,31.2395819819637,30.9187941684006,30.5862109677329,31.2780245635973,30.6250455145536,30.1799863047593,30.205380250887,30.8584892193299,30.8658898816423,28.869970274803,27.9941956214711,28.0385474269589,27.8193789178414,28.3086658408159,28.9249489494319,28.5865369368279,27.3594265740356,27.2230043007131,26.6487038221771,27.1463524998041,26.2237959468742,26.3250434677198,28.6786847476756,28.1093487624901,28.6430335497732,28.4634804829383,27.5199073213547,26.982065174514,27.1776653110047,28.7662348154808,28.3998814127852,29.0700515418463,27.8041338541673,27.6158279293151,27.1685708827044,28.6676770952534,28.9573079439111,29.4905101548862,28.3105581027921,28.003282002252,28.2162870623722,28.0975069497199,27.5941953828693,28.246667466515,29.0468511611353,29.0915265543874,29.0842321170467,29.1758266173128,28.9021286256462,28.5420122132324,28.407231478909,28.8272030179838,28.7877788196137,28.6264774904202,27.8437631770047,27.6513710609145,27.5156671225703,27.2530741465633,28.0869476553104,28.7663443106683,28.0044444909505,27.6686746396405,29.3382647940372,28.7765514090142,28.1281714988708,28.9164046052235,29.827943925678,30.8810075307549,30.4629181189042,29.5538555549738,30.7237855741811,29.3984304098331,29.2532068160834,28.94597780785,28.9908351969783,28.8464560335612,29.5261083780664,31.020262194535,31.2824358120569,32.6318939484726,32.6530451901944,31.8976187604868,31.8641940259803,30.1483163817214,28.8845596871809,29.7642220713222,29.6733220421273,29.947151711632,28.3579543631137,29.7373626087136,29.7362962247324,29.7513756863888,30.991584245977,31.6890108851135,31.9241723737956,32.163838714264,32.3161543186092,32.4125194915268,32.207665667223,32.4121621671223,32.3508150780237,32.4525513048468,31.7758068031771,29.95545345968,29.1151767830575,27.9444761816662,26.7135720074802,26.639524931723,26.7543671010168,25.4497015876212,26.9879956163841,27.4690473071381,27.1661308732651,26.5793079087478,27.3781013286041,27.3135886714444,27.7201958550306,28.8645201875573,29.4424650664145,30.2537549616012,29.830972895675,30.7504988208281,30.6962791449365,31.5091110707637,31.3042851979491,32.1735305274449,32.1704222775796,34.0904182565381,34.2545093303492,35.782222859746,34.403836399385,33.2093413675874,33.3736286750107,34.695934507941,33.8606686700092,33.9455771061467,33.7401778499828,32.2545906112537,32.7275078017518,31.0893329749226,29.6307788799695,28.5049018901971,28.1288142363767,26.8193778682601,27.1451008974899,27.551592968435,26.0524730385533,24.7602280917291,26.0516432800445,26.1458090525338,25.985066155036,26.9625014967661,27.9287902952228,26.1403913006024,26.071380499587,27.1733197239678,28.0463909529167,28.1128510466625,28.408824572826,29.6494531976489,29.9024295640787,30.2295696536367,30.506811896415,30.743404920426,31.1440412304688,29.8403061383717,29.8998646494287,30.5626702650478,32.562494995446,34.295724727765,33.4589901256174,32.8746753166926,32.7067438307327,33.5273550196993,34.255461422332,32.7316869652435,32.8425999904648,32.682437545231,32.3524577084117,31.8560567506874,30.5520103537733,31.1251621059527,31.2834969592567,32.1771123227001,32.2895261712999,31.1840207295522,31.4089071516094,32.2917452596297,33.2157008992863,33.1734921418848,33.7070256699565,34.2467528193476,34.9139737310261,36.36073114534,37.7429082773236
33.6190912922252,33.19388512208,33.6871191663582,32.9285161355024,33.4201679326923,32.8443636102368,31.2722109845248,31.8950419041802,32.3570648694148,32.0188823209293,31.1098588316991,31.0825260871921,30.1834371376442,30.0588797036521,29.4010417886495,29.1641821741429,27.6981722969384,27.6357366089385,27.4501498893471,27.6471007420001,27.0448773097767,26.9159379166962,25.5436746229416,26.9271485619956,26.9857519980997,25.8021941396108,27.2346712716913,28.7176661147283,28.7062568114258,29.1372673079005,29.1410662111192,29.5775320885794,29.533141876551,29.0852122804302,29.344809311159,28.3951350983119,28.9238292841781,28.9565860836503,28.0078919499041,28.5780256900924,28.6876066074631,29.2019017317212,28.989209243591,29.5721167700563,27.9986384645101,29.8222710835297,29.7383634350231,28.5863038728971,29.7627022814784,29.8736901366889,30.8120087307916,29.50499660619,29.3037999668246,29.6506147029236,29.2752331426401,29.2020623234648,29.3605415491418,28.9538817213867,28.6426796835613,28.1581096276832,28.6450025741877,27.5980542179156,28.548630362371,28.420504585718,28.7347019848157,28.4464772290152,28.8283186688886,30.2692562391064,29.3413981645456,29.0086375430602,27.9481512890966,30.5988378824989,30.2473416758615,30.1616472797177,30.5785237782378,30.7791039709875,29.8151837003178,28.0496533369983,28.6249458249852,28.7991393540935,28.7415078448473,30.3746476596593,30.0290259176148,31.7455634430189,32.9887478401141,32.3180491726981,32.3873827743526,31.7088157613291,30.1927940882146,30.27856505985,29.6821704471493,29.3680894608723,28.9352157422966,29.5363397575651,30.6198759307212,29.9272043521445,30.594903505263,32.0764328986302,32.5631824624719,32.4853681255466,32.2780595617986,32.8921181558068,32.5272533005198,32.8776107238987,33.1706764222829,33.1856171625849,31.4809022088212,30.6251546160553,30.1179384169948,30.5582262061608,27.9357568617172,27.9728552361973,27.2182836027837,27.3904545195027,26.1121051923668,27.5427307360071,27.1217684658473,27.1534964364152,27.2980243900564,27.7972956433422,28.5649603996531,27.2865706822978,28.5420013986994,28.9554377693045,29.0306804843685,30.8963083813062,30.5331782948435,30.7931112677712,30.8337139337245,29.9246728015172,30.8984428712673,31.2492692237884,32.6942599048826,33.8197853936157,34.2994731954136,33.6347449527535,33.635727307329,33.3042781924136,34.1845920440219,33.1465239611453,32.9816181303515,33.1564594836383,32.2918775483502,31.518117403817,31.1394886701685,28.7508050493858,27.7853762208311,29.1930080948185,27.6444488057335,27.340438504483,27.6946148684342,25.8387189648442,25.7078337618078,26.431293323117,27.1145890353532,27.2736116287291,27.8611338861526,27.6847190095069,26.9615434554585,27.1994242272449,28.1869086785291,28.5874962768422,28.6561051419159,28.477700155806,29.8044097643949,30.0998412684763,29.2613662499205,30.477483975895,31.0007584744133,31.7165970685135,31.5842371763398,29.1137732240219,31.5281213887351,32.8478923074531,32.2242100519901,32.7662272588184,33.2441162844135,32.5722253961473,32.3247372902296,33.007261780124,32.4413710954965,31.9092394602263,32.0847296292348,32.6572677128103,32.4188460647307,30.1586284589472,31.5815294372372,31.4964165905798,32.2533487101706,31.0651325180854,31.1515347246788,32.1040430413552,32.2685726703547,32.5341743934024,32.1484825185742,33.0620368107161,34.0712472470152,35.0893701682855,36.3068033420365,37.0340998997338
34.4438996278512,34.7333293727737,34.2591825180069,33.669308025172,33.7587629193289,32.9245627241991,32.2068660484738,31.76245268125,31.9181934840998,32.4003269895438,32.5591146900339,30.9552966038241,30.2544418035637,29.6481521790028,28.5632300659773,28.4542510781179,27.3644777050933,27.067875609546,25.7165782849133,27.0499183935684,26.7600902605019,26.8354710347996,27.6163928148384,26.2852694332868,27.9600430798414,26.6219607643452,29.154083849272,28.9013841339604,29.946090338928,30.9037674898103,30.1412081587631,30.623194468601,30.4158894835782,30.0506644329965,30.3927655981172,31.0055771377542,30.6178250128514,29.6888482823891,29.2238971034914,29.7199606628784,29.0749773193669,30.5719613762999,29.849438892072,28.9952249314848,28.9032417916004,29.4708763306901,29.165341593658,29.6976676354822,30.4938670844057,29.433287338895,29.5914915806698,29.9162877282743,28.8999867127897,29.4303708543037,28.5163070682217,30.1576558132984,28.8201671962291,29.3418947410536,29.050608525802,27.9212284035805,28.3120235527307,27.6413320668273,28.3001155141096,29.698334540087,29.5130186294676,29.9959948376604,30.2687867393519,29.9775615411543,28.9456261049019,29.4339741084313,28.9314784283747,30.5360754976544,29.954256218086,30.9827001141799,30.7842655309641,31.2254217070531,30.9851166721893,28.3032581805209,26.304888883317,26.8684078657191,27.3339015529674,28.6002506240764,29.6713784717191,30.7265561853958,31.6389794458685,32.1452076046517,32.1462975349008,32.1378544118239,31.8562571025573,30.9288184232491,29.7421361841892,31.0113498498503,30.4195797559856,30.4564005798249,30.2824433528349,29.5922788885255,31.6295723891899,32.1179890164331,31.5793498797836,31.9570782719884,33.0835969821726,32.0945807746933,32.9644658773184,33.0688647895397,32.3861687974442,31.7140401849921,31.9408015947318,31.5446160712168,31.4098215018423,30.2704392235808,28.7233011099915,27.7229967298122,28.1691207910793,27.0427919837081,26.7038087303636,26.5863052769501,26.2901301652901,26.8805021473346,25.9311221265399,27.0052995902676,28.2329737711293,28.8689298596619,28.4117815207724,29.3242593139893,30.2369663410259,31.2538961874735,30.2615502528664,30.8352400691825,29.0179867213713,28.8533636029098,30.3128112670594,31.0039688952866,32.7368712703802,33.6502675951608,33.3849806049499,33.1859664140543,32.9961768828049,33.2910211909701,33.3611733072471,33.743971988432,33.9541434882868,32.8077532797606,32.1204829177635,31.0808481587157,29.9919625193894,28.3847375178038,26.80745269279,28.4923929602863,28.4705736487493,28.3260157090872,27.6298355847664,26.49468293649,26.2082731486545,26.1297347725101,27.3028951666863,26.4799252995201,27.5768290745448,27.1302173031409,27.3580455352167,27.4151681111587,27.5022493563934,28.3315297841976,29.8556714890409,29.000879591232,28.7333677866019,28.7609439843982,29.7112258195092,29.3081810945212,30.9260171499249,31.4267129197408,30.8149837456147,31.5140053371109,33.1531565614587,32.8693695767676,31.6657081407893,30.5338323182983,31.2505216727907,32.1910711280053,31.8823452239653,32.1887356835281,31.8175648365766,31.171014106891,32.4179506472981,32.7891086203469,32.3046563648054,30.2763001360261,31.074308141614,31.0688172312716,32.3353124436622,30.8396477648276,31.018989306669,31.4860320002781,31.4792425817154,31.4073288318137,31.3455018474973,32.2694295710516,32.6896257900098,34.3556844379437,34.8068569828172,36.5988396996546
34.6182771299616,35.6682845454784,34.4165441180356,35.220544405284,33.0641569544106,32.6993762302998,32.5478647565443,31.7937377853381,32.7281166008862,32.6220579406633,32.864632382251,32.1925370483517,31.1781002551688,30.3037852636534,28.8363921623289,28.9904997303233,27.1482108815504,26.0799601146591,26.7812066680062,26.7472758869557,27.358481925606,27.1740456364861,26.412412859563,27.0172448189237,28.3571383928665,29.2974078677944,29.1671469828734,30.0828066950918,31.1955846228123,30.997668304186,30.8852561085825,30.4469349021613,29.5078466396929,31.063868023433,31.5482307311679,31.1589506668948,31.1442979116224,30.7092881322253,30.3046641358649,30.473138713859,30.2038642001882,29.8074786190221,29.6727531755968,30.0622329534193,30.6008248991529,30.0885314418534,30.3259791136262,30.0714565075,29.3523413363147,30.2293358603975,29.7444362358612,29.1111253754583,29.200299085775,28.3045910644089,29.1046492593727,29.6770049788422,30.8138401249259,30.1726323682389,29.6348328816578,28.2276373228832,27.4990868830141,27.5272307613012,28.8385689521123,29.5137154860339,30.722295504552,30.35381705823,30.4806980917345,30.4967356643522,29.6102748310091,29.9358265138106,30.2071886634958,30.8502596777465,31.477134207945,30.6787246974483,29.6887039727117,29.9630206469193,29.226118992985,29.4327198003791,28.5577114396071,27.7457552750296,27.0766981777774,28.2051980064441,29.1006889541073,30.7414340100704,30.9911061156725,31.7537173400426,32.1258991269704,31.6713334040599,32.0313842775653,31.4036882748809,30.3982699534269,31.9887054773968,32.9128507509068,30.8492916646196,29.3537383989698,30.5299725372773,32.5227104250528,32.9161588568908,32.3128659369668,33.1042477760424,32.9131956587153,33.236539284675,33.2778221770767,32.9636569173414,31.750758439569,31.202276336073,30.6439388343798,30.8506086723092,31.723093516257,30.1673001879192,29.2473153246871,28.909299488884,28.8779417781416,26.3588322358718,26.599588159288,27.495922390092,26.0286918232389,26.1166574723452,27.6231236950068,27.2171755447955,28.210844492319,27.4841523572627,27.2969812829948,28.9750737842162,30.1957319443303,30.2280646095004,28.9371143923196,29.419941459916,29.78802581909,28.9000185256659,30.9366610050959,32.1733927905353,32.3817870756211,33.2521464398648,33.0349953578194,31.2221098908738,32.0243324306484,32.5938669771513,33.5078143480773,32.5789316448364,31.6754254812901,33.1646479373487,32.9434680311845,33.1395001839971,30.0189457527503,28.8679579678577,28.7173540895512,29.1023515775936,29.8964172305949,28.3712404577141,27.8125071526629,27.1193929736837,26.4184291434663,26.0003930123323,27.0795185418972,27.0209573104553,27.4791901524338,27.8472825405172,26.8839053093595,27.1084390016993,28.5315663914846,27.959142837741,29.2739876943805,29.0361561525322,29.2358638221752,29.855325249942,28.825541185622,30.0573169775888,28.7103024673471,30.059802297922,30.0595480353573,31.1159611802679,34.1300136406317,32.6715398218924,30.13622277249,29.6063446589743,30.9951629521871,31.4809060124627,30.4143751895574,31.1189817890922,31.0856188173694,31.3988566714126,32.0331306353643,31.7639409444751,32.431407949638,30.9284566901102,30.6486851407208,31.9859290738586,31.6123292893216,31.4265341434485,31.3780345166471,31.1449270437832,31.7300063658215,31.171622647165,31.1007140105288,32.0392086576279,33.58317938263,34.7262140812688,34.9107050654175,35.8621718244771
35.843335625057,35.5584720118112,35.5076857862867,35.386771456019,33.0525821225996,32.3862434050061,31.9062432470094,32.7323361897534,32.0047064404337,32.1721948642043,32.1376177409062,31.5303093158071,32.0070888367177,30.9698798350678,30.1694630467434,28.9815364312585,28.5144574572766,27.4146278805646,27.4527127855082,26.9843125826254,27.6505091478727,26.8939295263589,27.2698284479176,27.2380164488312,27.9308170850194,29.050159260382,29.5804948723328,30.8341930680222,32.9534532601756,31.9375998986506,31.4276458997968,31.061492209997,31.3092436620212,31.5963929853941,31.7753685200264,32.5159216270649,32.2063285613781,31.9432418645136,30.9380167575377,30.3823045926321,28.9253244103106,28.1942606309725,28.9087106623472,29.1918087884379,29.2304749515893,30.1959391730486,29.8289041686254,30.0558313258056,30.1689891533664,29.731636138031,28.9938903443887,28.8746138567421,28.7280200587983,28.6274812922452,29.3762725422829,29.1191177842233,30.4365951060145,30.5677287984951,28.8214410363612,28.4345611232852,27.9405489736877,28.8793055972008,29.6988359326641,30.682690478877,31.2898354093616,30.4330637279426,30.052021369537,30.0598292212715,30.2926688734227,31.3283940166222,31.9876894211748,30.6186887109549,31.1890709876817,29.7522508911836,28.5919954043766,28.2476619339724,29.6272398669444,28.5088341383364,27.9743173944333,28.70563787492,28.1759792599697,28.892301206303,30.1314326728783,29.5605629611682,30.3264909058853,31.3082030530286,33.332220682427,32.5769454060725,32.4586934797922,31.9049478439542,30.1601257842549,30.3896633833872,32.3238221798371,31.0754501962698,30.0646269169328,31.1495761449889,31.857968217336,32.6415400815844,31.9568210080288,32.173677391888,32.3480167235381,34.3955290478703,34.5029880128846,33.2192180504861,31.0185635601362,31.2903084805552,30.8327651690938,31.0069630115549,30.5705148667812,29.6154340257137,30.1550709713549,29.3615848470499,28.4358392393421,26.8394952916542,26.4225038868894,27.3654587230883,26.1682938633217,25.972561467332,27.5020506045382,28.2993329446229,27.1841939793914,26.7238875183203,26.4604120387503,28.6656642304761,29.8397031131701,29.4091207821622,28.9673113009897,28.4253783662389,28.8520462745841,29.6945463379501,31.4062344322499,33.9367699352836,34.0304860305568,33.4645170317032,32.6845699920839,31.7726292115577,31.9366919798756,32.8013753386041,32.536805011609,32.0314310930903,31.6866782453399,32.1367734081767,32.5531487719075,32.1684768475852,29.8824217020016,29.5747717009469,28.5661485413225,29.7635115387848,30.5805662976627,29.4640199885677,28.8483899754787,26.9385902640137,25.3737434419142,26.3631417766354,26.1518720405692,25.6943804191391,26.9683422431337,26.8080902824024,26.7907437641656,26.6386567968624,28.0436026885179,28.62264696011,29.4327391629523,28.2347190220778,28.796964500123,28.3740769554326,28.531741475538,28.6274010292252,27.5224403912723,27.8796694423042,28.5869484703099,30.9946098596338,31.7728603827395,32.5122973496557,30.3401767845851,30.5300062448257,30.575762786083,31.0092968532622,30.8311645172653,30.0850429549679,30.8495659722906,31.2688991254669,31.0578676238992,31.9868679308266,31.249890072326,31.4776035957806,31.7556290554433,31.7486798082326,31.9130861885678,31.4098266503982,32.5623907729271,31.184796647599,31.6789977067708,31.9022133596383,32.4205056116872,32.5217708115748,34.1493513250886,34.7249916649544,35.2004303360884,34.3902691347903
36.6750214137688,36.4863594349108,36.5589377044956,35.1109606248779,33.1138331697626,32.1164922552753,32.3975816937734,32.6943290881444,32.2625222751988,31.6130070159834,32.2616485399367,31.6021760533953,31.2784047026092,30.7444094862064,29.7165048404343,29.6472949167609,28.2340269467098,27.5826314365351,27.6890485105745,27.5910690212308,27.5960750650756,27.3124972133644,26.626826204399,27.2725369991327,28.4916774841587,29.4152707089619,29.7078060132482,31.4383608874874,31.6145051156408,32.1974577596692,32.7624358542058,32.2687793574969,32.8266867274082,31.6497745539189,31.9855476855504,32.7671290248067,33.1715262814311,31.3190566043347,30.8655803908971,30.0811274756479,28.4232648490045,28.7100965655994,28.9961937829672,29.7958328724923,29.9072155018857,30.3589047477135,30.7764950893161,31.2478436633635,31.4416651325375,30.7812538672502,30.815847498053,29.6642632119387,28.6103091937004,29.0944671546937,29.6436543684507,29.8630894799619,29.2739399718305,29.5376884819224,29.5963888840957,28.3837534539961,29.2554432067402,29.9627078835984,28.3315386541936,30.6600001309502,30.7110478311276,30.1841716074719,29.2599198253497,31.2694355258351,30.6390281815498,31.8064029293182,30.4362714785774,30.0329241539191,29.0176703554582,28.9618965972046,28.444363158533,27.5895967611459,28.5880567155042,27.8674670848713,28.1774709467631,27.7949565634645,28.9899306515755,29.5275449937311,30.1101086140736,30.7271814991605,30.78749782868,31.6726557539648,31.9320321459453,33.1012951816073,30.2810455706351,29.9556459595674,30.1304082024291,30.8542381575546,31.1693601306254,32.262952709291,31.5185443205406,31.5066473911782,31.1515965403722,31.4203148241998,32.6425252022705,32.6636853220899,33.7756029447941,33.851806714883,33.2827282357516,32.3401477531219,32.2575402409541,33.294113532577,31.5687639272051,30.7170152285042,30.9909889828997,29.7816320308798,28.8957468145315,29.7805605021038,29.7333795185897,29.2576481052708,28.0197627131157,29.8709348059237,29.2311530168561,27.9684227216504,28.1186819667468,27.9091371606179,27.4123009342222,26.5320416473959,27.4513466094231,29.4742950662432,29.9646468389113,29.0662652381388,28.9617152324013,28.1237891546055,29.8558371844848,30.8215857291134,31.890378923784,34.2149015425248,33.6955776810968,32.0642049377707,31.2476089572949,32.0512620004641,32.7154166756512,33.3230323815138,33.4740424307361,32.4319461116515,31.130884597175,29.9201995723757,31.1469116464631,30.7713329644226,29.9249257272383,28.9034320063233,30.0337348076197,29.5601291010808,28.6877286409706,28.5452432392814,28.1116932294972,28.3588696831509,26.8364131787369,27.7846040541027,28.05152080098,25.6159262557248,26.0208689314225,26.1653297290272,25.5984910880412,26.7952582495837,28.6576063792802,28.9701431848429,29.7235071917445,28.6522153691619,28.5255727506156,28.5165638615837,27.7779340046111,28.7081361269203,28.2291964668889,27.8833379495037,28.0531128231421,29.1268163953357,31.3089024286691,32.9859715729456,31.6961881204809,32.1329139754021,30.0021740322421,29.7011446025334,30.1263909050499,29.444222166928,31.2585965133944,30.7432670866129,30.9405964433104,31.3716645122722,31.7161061178727,31.1980594931874,32.2736107456153,32.4838811871386,32.2315914129517,31.0165363195475,32.0642229485571,32.2507187041919,32.1409063832715,32.9516529869677,31.9408452076147,32.8778153025541,33.3314806516008,33.811261634456,33.1142724062757,33.6996070717961
36.2636604411375,36.5517787491995,35.5047288963462,35.5302934824654,34.7398747980133,32.6419495772417,33.1351086751821,32.329160318974,32.8692009936165,32.3932721831339,31.1653763481313,31.9218926851711,31.8713930158115,29.7110748340066,29.9843646903882,29.097774499488,28.3603466529096,27.6058713185862,27.395330550788,27.9107451866139,27.4690669519497,27.9146394645496,27.7553737000507,29.0148192242109,30.5862288669007,30.6199099788168,31.3339826079121,31.6872325393761,32.4406288194992,32.2600398454324,33.0005261853987,32.5768606049592,33.248200634537,32.7264440521134,33.1584344273748,32.741933675781,33.8760582373269,30.9611487447921,31.2557450543095,30.3353122800596,29.3485596357356,29.1100500212002,28.7541362416283,30.2677111138056,30.4575451004915,30.7203444396655,30.6820492969235,30.5781074793397,31.9713668781474,32.4661393823249,31.0516988824289,29.9955410524541,30.6903324231422,30.4390954252738,29.0760636450559,29.3192612746065,29.2682313161182,29.9492596546877,29.5062662874902,29.0903291076102,28.7836247218281,29.1346895972768,29.1872495964702,29.3780813885834,30.7715542495727,30.8969028663432,30.2277159982009,30.9567859824642,30.2850345177137,31.1670188205344,30.7672922588477,30.6044308914377,29.3097097925833,29.671249100029,28.1204335416527,27.8510037990853,27.680215479833,28.2857939089799,27.9675750196007,28.5327994878262,28.4988373974986,29.8633209918949,30.7813883765723,31.9039466083418,30.355317223606,30.662144679535,31.9799897055831,31.6523591615432,30.278061808977,29.2813667023118,30.4615031922904,31.8408611693734,31.8341321766496,31.1289790774829,31.2771516831151,31.159471802423,31.4823854088149,31.2536133525406,31.0301220883849,32.7843000403587,33.2280039771909,33.5026386646599,31.8399413230653,31.6343606943121,32.2983195584963,32.5271916253316,32.6105937139245,31.939304920085,31.1962228012292,28.9885717264078,28.3667888076729,28.8518952344008,30.105263971074,30.3306164412654,29.8749899871212,29.9649674284117,29.8468555112305,28.7947731447912,28.3290650142573,27.8954056766694,27.7839177079899,28.1732097038078,28.5420306811689,29.9906249767417,30.0314714209015,28.4539968649764,29.7828970321294,29.1265275603093,29.181259727896,30.3838461811209,31.2032817000997,32.3032973676946,32.7092245650196,31.9869899779361,32.3227733170599,32.1233823047965,32.8565364251762,33.2264836841427,32.6970554492531,31.9730321685721,30.7019306871723,30.9234096382793,31.257647305274,30.3151569432263,30.0446039433542,29.9141638944603,30.5136535444269,29.0326053045884,27.5560121015261,27.232747015319,27.6643395481549,28.4054071613872,28.1759883924021,27.5021045934999,26.9427957414507,26.0396820777241,24.8677045160538,25.3416384565256,25.8102511856933,26.2296707221313,28.821979112706,28.5219117926726,28.6535461543221,28.2413501721059,27.0385126611858,25.913823027588,26.4616183896764,27.8757749792475,28.6207802453436,29.1989646055088,28.2914009563234,29.7361939725448,30.6451935949416,31.3590659604181,32.2677361924209,32.0277035721887,30.8348822444955,29.5640825271471,28.8287396544676,28.8666856732595,30.6883083231115,30.6894032929208,30.5782739611914,31.3312725214469,31.0485448544295,30.7364480466399,30.8109042125718,32.3673681740649,32.8823855760126,32.2994647981896,32.5226027066419,33.0856684423644,32.8876656579469,32.3268739179085,31.9098146524927,32.3609102250994,32.4689414314704,32.7515972128821,32.8794778035661,33.7212887834484
37.7569732975353,36.4891365243574,35.2230588373027,35.3500500686405,34.0877918496844,33.0431907747287,31.8255342617582,31.8326160348971,32.0273620800078,32.8043136678487,32.169177999052,32.0450010184972,31.6506850381055,31.0456040107219,30.0439981333046,28.8158920288298,28.5080711934928,26.9925909279856,27.5526442303008,28.0909319495263,29.3592832179218,29.0644113070347,28.2771385913167,30.1260163770199,30.5628545497985,30.7858053482511,32.1131270350265,32.2813753838023,33.2380143516574,33.4530605907003,33.0910025526796,32.3303210585089,33.3567210201941,33.5143257978172,32.5578769669575,33.6683762433591,32.6721403787107,31.9286896083094,31.4668932229353,30.7204922845784,29.7588090891705,31.0116162890202,31.0040127535828,30.1327545721249,30.4834006489192,29.737315928294,30.6158098534181,29.7674819487434,30.9734407482605,30.4875988470691,29.5020682800191,29.3911037183372,29.5796222367555,29.1139514519909,29.4593943934537,29.5702427556315,30.2027544202128,29.3521186418185,30.584881466196,29.629474261289,29.4566146095084,28.4155790515412,28.8171049108989,28.4649741784527,29.0501920447598,32.2729920767514,31.7274448813042,30.8358013849114,32.0337620890022,31.473717283077,30.4522544988407,30.8858732165346,30.5410277966958,29.794430204031,28.5039674797736,27.4014677405051,28.1325645341371,28.7686839036341,28.3433634830977,28.4761790650437,28.7480935890111,28.9841825424762,30.6474327953681,31.1840583058946,30.6472432723891,30.2207165527981,30.7806911713648,31.1818420825182,30.3622025710925,30.6240390182507,31.5275146967852,30.6574082183929,31.4857568193363,31.3939704289705,31.45127475674,31.03222806973,31.3798210596079,30.5131569617998,31.2826555939934,32.6342439603952,32.484878251596,31.9031072835345,31.176368190267,31.905052759229,33.356013316069,32.3616224602795,32.472846319514,31.4652847917308,31.0169230993417,29.8831592205791,29.5971620590795,30.0974079847346,29.7854741429681,30.7957741861137,30.1169270477986,30.5774459836797,29.4518833540504,28.5391709972579,28.7039398765535,27.9822418277496,28.5034328489408,28.9344158651714,29.297289696182,29.1088821353624,28.2205814866061,29.1970668301117,28.6930675868823,29.7893634989456,30.2025469424605,29.7295498500566,30.1956859085544,32.044120692633,32.8476599986801,31.824436545546,31.8813526580872,31.5828029449757,32.3817687881385,32.8167285682462,33.417986128871,32.470045282095,32.467840125112,31.346385492894,30.8060684632469,31.0841061789712,29.0476032477827,29.9187112903075,30.0976863639817,28.9624511623799,27.6030332519216,26.8512905249722,27.5604466948464,28.0197981964018,27.7600435630089,27.934524671643,26.4956293868136,24.7675971842704,26.5687526798185,26.039722604475,26.4086041485618,27.2325941827847,28.2421152538138,28.993149453685,28.9324275064914,28.5962898590922,26.8961169663177,27.0461157014326,26.2851728184231,27.8736614072143,29.2256857874417,29.7390048082196,28.6378786016719,28.0192232804287,29.3420648975962,29.9950698126223,31.3262996846823,31.0427346783288,31.2939107906494,31.0881168462477,30.3232710814795,29.8246034415542,30.2290208819235,30.4536637552827,30.9147753752875,30.3880436633875,30.1137069428019,29.4943254363244,30.6924114483696,32.3378123660636,32.6598979797619,32.2753661231407,31.782689239784,33.3119967773409,32.9325626276148,33.0465900613168,32.9055744301788,33.0497585492182,32.539423711068,33.7887425323832,33.517926192649,34.0823256348078
37.9454291990093,37.266652205237,36.5495854569683,36.4945638076628,34.3411906034095,33.0653055460136,32.9392122673693,32.2036326036926,32.3563925372599,31.789234481234,31.8558140446737,31.8840589606105,31.7747786979718,30.7558402456056,29.5726948936408,29.0763811341831,28.6412536094808,28.384273812974,27.489169723649,28.6418570847121,28.0051622469764,28.70185068353,30.0469295067975,31.7175672467448,31.9418504933372,31.1050230071313,32.73887834267,33.7289816775277,34.398676717963,34.1367224810957,33.7851044352539,33.2691391754333,32.7180022470464,33.3324374935303,32.745991024267,33.6465988686829,32.6619319711336,32.7015767649128,31.5228914757406,31.346968531379,31.057264400256,31.3328937497746,31.2575325341713,30.7408441047138,29.4589071528353,30.7358245969543,30.8722029371856,30.7789501608771,30.9735602705108,29.7989602610783,29.530864940148,29.46328202086,29.0359172081005,28.1809206946219,28.8098496142319,29.4763457737069,30.2058586626784,29.1830417490839,29.4940519382863,30.137647113382,29.9472482422234,28.6069883154954,29.0881149349964,30.0677037462912,30.5915346460546,31.8554805921023,32.4694571201462,31.673068795822,31.7163052675409,31.9275525049319,31.4437648193811,30.836267378794,29.9789091435771,28.473871331561,28.2256027862433,27.7459147270386,27.9783990585029,28.2109262601307,29.3242392131248,28.9425845157301,29.4499715403158,29.9138793989425,30.4398639206556,30.9448684920637,30.1992957950437,29.979628893784,29.3327789483867,30.630085696129,31.2556293306051,30.1688847310747,30.6008651008949,30.5723780297801,31.5661057370153,31.2800877650662,31.2311580421563,30.9957906177013,30.9541504585524,30.0781624043583,31.2988565939184,31.6779908345581,31.0138101704677,31.2514382366651,31.4046360357538,31.9683477403551,31.9059749295799,32.217095101045,32.3937804196372,31.0962066866633,30.464849313275,31.8309484065373,30.4824229365078,29.3522123627064,29.7561536044503,29.3823608538776,30.303911969637,29.3697819517621,28.7691879923358,28.2375322904813,28.7720116379222,27.9699175741128,29.0426910933514,30.3794274350178,29.0197628893047,28.898674943342,27.9183245858088,28.4526332573267,28.1980211353226,28.5348631548545,29.6639750619765,29.568618270566,29.4435661723178,31.00669803491,32.4619912534711,32.3758769952614,31.6092027536792,32.9189064318616,32.9285660137317,33.6744565313981,33.079451263991,32.8532444817717,33.1231068991037,31.5078925598187,30.6182384665873,30.8848946893854,30.406974680085,29.0660320097929,29.6971355277666,29.4074770223747,28.7633320663439,28.2126072218644,28.4137541576378,28.4227213792923,29.4200930331063,27.9908979771616,26.6692661637784,25.9842034408989,26.0934715628085,26.1857806865298,27.0265871776717,27.7721177226906,29.07907335296,28.8207411436176,28.9699446873117,30.2267055122749,28.8796462836285,27.2258868224173,27.7438095034852,28.6564183627041,29.2176414711061,29.8986014223003,29.9373774327673,29.3997298333569,30.1196676364127,30.7582865621668,31.8864220790185,31.1417519129049,31.0251062106638,31.0942297190037,30.15634329734,29.7461373436375,30.0794136257246,30.1887059058675,30.1597224160768,30.4678160536719,29.60398949908,29.491641500164,30.6701934496535,31.539085105525,31.3149817769803,31.4211562739979,32.5465281508364,31.9283652859915,33.622284453397,33.98406637689,34.0016358143662,33.2191062892944,33.5338584375051,33.7192416358916,34.0874732035505,34.906697633924
38.3225574645458,37.8670319572507,36.7842855852007,36.9898798694107,35.4548067630677,33.7691657087943,33.0127528169323,32.1722341770594,32.4293914890959,33.1173244717834,33.3761581124113,32.6418163370654,31.8415831970761,31.4932889346212,30.7598532022239,29.0868064979994,30.2223510053249,28.9017213810337,29.3490505792834,30.1765319518303,29.4372606733746,30.3912077347474,31.1480015079526,30.9383670606703,32.08707297832,32.4218589907419,33.8186164198289,34.6453027517026,34.6253960287078,34.2168677988376,33.6081518352618,33.2980699224299,33.207541226569,33.2783242575391,33.4401588179494,31.4772162456804,32.0390294541144,32.4401054087879,31.6545497537083,31.6281712410523,31.5655685869854,31.4056349729748,31.9589599678964,30.5868937721673,30.4625755736722,30.9118591126566,30.6883844362863,29.9871950589373,30.6498902158,30.4733317908213,30.3021263449136,29.8883588951188,29.230546164575,27.9684410045567,27.8901670284333,27.9380375347714,29.5620286867223,29.6514101761042,30.5579030689047,30.9791589847601,30.8518132447711,29.8530395129083,29.8625687546919,30.1561439756033,30.857326566411,31.4532035810001,32.0191040695088,32.2820969827276,31.7625527069029,31.2976592513988,31.3841497233526,31.0107849930858,30.3092089029952,29.0898988835395,27.889380406541,27.1593146578513,27.5407342792588,28.4060175629172,28.8234045536396,30.7211866970429,29.6078984440454,29.9649587367816,30.3447167385859,31.5368943957802,31.5707919134043,30.9129573260088,29.4474678028883,29.5888545534884,29.0538205629937,29.5833881493865,29.870964177064,31.0858364280706,31.3641085715254,31.6555435532895,31.0619614333774,32.1067612291044,32.0326235583799,31.0650596743324,30.4552584179342,31.9444469091923,31.2652334512431,30.7696717222582,31.3170914702785,31.5052547205925,32.57976278343,33.1731944591946,32.5426133342402,32.0572357715034,30.1556381190851,31.4342037281005,30.386371835934,28.7758351714726,27.3085308039613,28.4408232957837,28.9288657633478,29.4705501661604,29.1521934039331,29.2736469338128,29.3554558856628,28.0775150777693,28.3282205796791,28.6312987623725,29.1811675509622,28.7101035049813,28.2657669398942,29.1417170185342,28.1612871467477,29.1990519451293,28.0304245599913,28.5587990174768,29.3989141217107,29.8418331471297,30.6867729900047,32.0589066321645,32.0174172774563,32.1638797649888,32.287635803402,33.2584837482953,32.8339113291175,33.7576960811692,32.1903701860437,31.7692101363813,31.3288696561422,31.2678435853815,29.9089176134435,29.856225273355,29.9587442601902,30.1097176005967,28.4709283280909,27.9526068079271,28.8870438928718,29.0019794173825,28.8257759355207,27.4548332263864,25.8627082988204,25.7760992464369,25.4134444372012,26.7372203932726,27.4277775405251,28.8719370205764,29.7066083982015,29.7203989623555,29.8020084858637,28.9402031309845,28.7405581754994,29.9175221179834,29.0150197959559,28.2847962838485,29.1494480102107,29.2964080789611,30.0801222429533,29.0481057580959,30.5067162788304,31.5703655044152,31.5776160852815,31.592018646903,32.3868152070366,30.4682912377958,29.3216828826833,29.0270535646126,29.8973177223518,29.7055418685764,30.4835558491675,31.2691075953736,30.5774568329187,29.720394710603,30.5105104362119,31.6110430127702,31.5593072587582,32.2878396438958,31.6008186604034,33.2163637748291,33.5448145005584,33.481367051991,34.0813293431597,33.9989617353522,33.9325897641753,33.6406672058293,31.8530019039369,34.4439892200413
37.8636528378744,36.9098034486271,36.4294306649141,37.3292923469988,35.4857855189411,34.2550763295681,33.0394238936751,31.8082463317638,33.1075193069173,33.7369293911454,33.4027259573096,33.5586029609747,32.3364239317055,31.3199901137213,30.9191561985238,30.2741097719749,31.2299064827351,30.8141147036713,30.7432693417105,31.3205380942736,31.5214991204686,32.0934701311152,32.1713597769488,32.4329992579827,32.9166015948394,33.9124961631804,33.2891127049202,33.9290722488967,34.8270683358705,35.3180119430159,35.4249537693524,34.2647231009756,33.2362832811949,33.6362531540304,35.4470413106573,31.6293540091629,33.4668184754089,33.0191061347967,32.396569187534,31.5259216991448,32.8111495651957,31.8253096957023,31.9938407179321,31.8699228141502,31.0377706990005,29.9376878368625,30.1846286255595,29.7384090079581,32.1214022629287,32.2946152952648,30.0426112206248,30.4992195360397,29.1902354551257,27.5869993978724,27.5026003953324,28.9934554117629,29.8466339938722,30.1690627338317,31.2946521638326,32.0911219182782,31.2920155521217,30.6635380762154,30.3810180827401,31.3554173419487,30.3024822619913,31.6131192241389,31.6734787752782,32.3364884288829,31.6647868106125,30.7761522719668,30.6899923343924,29.5430406903626,29.5471818640754,29.6253959833663,27.9606536101907,27.9530948951312,27.7710759104332,28.8731055186361,28.9641138010599,30.7923556425853,30.6677259891273,29.8279500083036,30.0262986024653,30.7284991766867,31.249575025097,30.6701264565813,30.7944669350373,29.2614634637948,28.7665718261823,29.3979403390336,30.279992593375,31.3912715396991,32.0103456063537,31.8409258372788,32.4676120496631,32.5383203304288,32.1811507489989,32.0708823726197,31.4221397728078,31.0883273895168,31.5066046691048,31.8192058735488,32.0186387811358,32.7277561080584,33.3326791420711,32.4415734925663,32.2067249021175,32.5604966825937,31.8479617970127,31.7936148067846,31.3854103224891,29.221682966138,28.8621536363598,28.329052103554,27.9258200642894,28.3841828976586,29.5167215013294,29.9945761455128,29.0750855265807,28.5800557441817,28.1552497050277,29.1247070353985,29.3465034759669,29.241533036276,28.0730892519093,28.2761316122155,28.5575152019596,28.72091158778,28.6254155267092,27.5352365574113,28.1185633458315,28.7452904883732,30.1153461039827,30.8680671888042,30.6413492207144,31.9123507379678,31.445629749427,32.9849103894986,32.9633753581695,32.8937073889503,33.2832163536117,32.6172668620506,33.5080080425033,32.6177314985325,30.8970630333755,29.7842698471274,29.7822304451227,29.2848931941371,27.9849991884636,28.3251460463424,28.5012840924055,28.934840432968,28.7441082047164,27.2127677273451,26.6046788298168,26.5614151824866,25.7488360462569,27.1879287112622,28.3951032144384,27.9985527774637,28.8695181167909,29.5103788882691,29.3966584159184,29.6304574279147,29.935247787106,30.2990676239277,30.0559495438366,28.861640696095,29.1295409763029,29.4204012404042,28.4285094998645,29.2561911325513,29.1322172652095,28.9516799116919,31.1615861694102,31.6024359415788,30.1823228694209,31.5097417015456,31.1004849378563,30.212162731275,30.9462966256298,30.2537634140263,30.0698183053936,31.5968971329417,31.3691594002913,31.7641591881678,32.2925260662508,32.4191360817452,32.4661443726236,32.8115791600418,31.4024649962535,31.6848301357744,32.6458308381336,33.4194396932028,33.3058278198258,33.8641903583028,32.5414672932177,33.0306002512929,32.4869475230598,32.3110240592038
36.377061069201,36.359886317159,35.9890828170661,36.3921282273067,35.3651788011673,34.3928208761161,33.0859651108693,32.4133996209166,32.3213609894989,33.2481327018382,33.5647102848035,33.4521618208098,31.5915943221013,30.1604165557772,30.9487890238808,31.6566684643795,31.8531392922429,30.9997497111962,31.5993331642,31.5675952570367,32.8207937027103,33.7536036986154,33.6918582928005,33.1377636920807,33.8597100928744,33.2800817521541,33.8974978153625,34.4405453503297,34.7376153742407,35.5604753729395,35.9047553960651,35.370146345226,35.2166840380322,36.2440907457051,34.4901453178092,34.6910281514639,32.7349398420327,33.0766174413432,33.0883398414239,33.048348837345,31.2931401404332,31.6072868749802,31.4838458915994,31.4931298376725,31.7274088054541,30.8163103047331,30.2410211020982,31.0604605382835,32.3844051142124,32.1161980499916,32.3750602278166,30.2756164436078,29.3662544663396,29.4828307086427,28.5694230384727,28.1440381964096,29.4682365056425,31.2481451172601,31.2282270447237,32.1370309909814,32.2525487751234,31.9748624718422,31.9411796496757,31.5444459643555,31.5115526512058,31.0044065654452,31.8377349479633,31.6077979081631,31.6455503571001,31.3699118328549,29.7908332854886,29.340975115577,28.3606851485343,28.7026298384191,28.8558741096779,28.6153744257933,28.4007074335518,29.3978314781228,29.8768464456923,29.4939129075319,29.934725000489,31.1970975962473,30.4267726374606,30.6584750407469,31.4177175077069,30.7047076049992,30.0426116220386,29.1737558389156,29.4153727946723,30.0473523742313,29.8514390579329,30.9215115322712,31.7110421735785,31.85663341157,31.6281520686005,32.2505834772372,31.9430617834794,31.9157847606756,31.8692479012107,31.698548251285,31.8537466574167,31.8820375950677,31.28601581109,31.8790024884925,32.097994159136,33.1444813820105,32.3020463272175,32.9396182347089,33.042903060094,32.8553680651987,31.9843762314969,30.2845931025088,28.3791893280838,27.6937301228353,27.714935071072,28.0606386594078,30.1236624271397,30.4683660847979,29.9750533141723,28.3554138395764,27.5858143347424,27.9740430934124,28.5687159942148,28.7604719545173,28.9244027479085,29.1130949688509,28.4154269865888,27.5997005722263,28.9794577156366,28.3432818545422,28.0904833059348,28.1533733962093,27.8820307496359,28.5560576060582,29.658907927474,30.3334457814723,31.6691794624461,32.0364604663949,32.0518709520609,33.4700814266016,32.8861816874893,32.7734752308816,32.9741750775798,31.7211727498736,30.5797047903048,30.4595939266824,30.7799783924573,30.8259791558305,30.238506421303,29.3440492381911,29.1031341286761,29.5340257881457,28.7984380402044,27.9013601862941,26.552718062426,27.7900797569745,27.4667975890372,27.4979028332631,26.7265134933499,27.1829656766376,28.801073367548,29.2624816310489,29.5079193491097,29.3863629015106,28.6454048256857,29.0798227877589,29.2385017792329,28.7325329863335,29.2470647403195,29.8691222095953,29.376239293811,29.2803796970297,28.0588398434379,28.7480859945416,30.1718936907713,30.5294050248166,30.5636678277974,30.5176213836459,31.6400652447746,30.656611057956,31.2421097743498,30.7381190639055,31.3181934320411,31.5115844839254,32.2259629333454,32.2579571637335,31.2208447489624,31.5667730591676,32.2226875713423,32.9118121193401,32.1705173355179,32.4855529556277,32.517238410822,33.8189908590185,33.9585397386163,33.1997962367444,32.0289600249375,33.2460259841447,31.6670578627198,33.393531911386
34.19754639404,35.4236209437708,35.6842349148476,35.7887592798265,35.2796713746494,33.8182374302776,34.2657430533759,33.2414338039444,33.1077906283234,33.9960682249883,34.028858568624,34.4305741297748,33.2491316338064,30.8496744105058,31.2444922287275,30.7009069677509,32.4479176139641,32.4416088313304,32.1784341296092,32.9068062442263,34.1723188501748,34.4363685191473,34.0630169144419,34.3008494031538,34.6439241839742,33.9099664894323,34.137136849416,36.5328774562365,36.1077660020398,36.5911416310661,36.2319257330315,35.8499218605438,36.2244061646057,35.9350864637959,35.058518892328,34.693508974445,33.5647906065467,33.0278162644318,33.1000633490495,32.2460555891941,30.7374889096891,30.2408063858079,30.3173247915925,31.7360980222977,31.2243251534661,31.3648332784431,31.3216746346311,31.3049675338234,31.462077412913,32.8790111536635,32.4247028198958,31.5623794440732,31.7188000351554,30.124831292654,29.6190241220358,28.9344318406594,30.0817664845013,30.8538713387775,31.8480759368758,32.1253866444216,31.6296887197006,31.7314331725388,32.4067073457905,30.9801312317977,30.4823996814479,30.4020780320156,29.9386556274218,30.4152436986952,31.300504943134,31.7036105777544,31.0319019483845,31.5324424192349,29.6725828922029,29.8372229768652,29.6210229989655,29.0646356254579,29.1081108350605,29.9595292341594,30.2083028683582,29.8415738186312,30.2387060353351,31.4375034851542,30.3540801761326,30.603299939844,30.8085563732394,30.7733882868417,29.5199503864223,30.055089314168,29.8702329071404,30.3913635135483,29.4624607331169,31.8192705014269,32.1307895350428,31.8117662065784,32.135594902972,31.9950589081084,31.536623006404,32.4705538094863,33.0427061138401,33.0063197096416,31.5001704321235,31.2399247787176,30.6989559655458,31.4659888577096,32.1254969408968,33.5018301930023,34.2183218386833,34.3231477103312,32.2076367955445,32.7784527162716,31.9302818416056,30.7045265361225,29.7072325017084,28.6840757445577,28.5730060551782,27.7774309686327,29.5838077206756,30.7462672098243,29.4938003806584,29.1587322047198,26.9510295352926,27.9886833023219,28.4138107547363,28.8483398675945,29.0897616257513,28.0107793183815,27.6658830577429,26.8097061525694,27.7669122705363,27.9707519131025,27.9544059094024,28.519309416879,27.2603023013441,28.4693199522163,28.4815483960277,28.7095962949351,30.1528751544831,32.0339210774787,31.6191842336008,31.8249493438516,32.6275203544325,33.5086084328017,31.4498965418463,31.721174792209,30.9844225539802,30.3963251330336,30.8981952560583,31.6204340263147,31.241965154899,29.1829652062329,29.1010176041943,29.0226596268763,28.3906155897234,28.5030147765137,26.9492992942689,25.4957109235412,27.0028590946082,27.9774955909228,27.3257377023634,27.1781919602506,27.5756698457192,28.5798958075181,29.2800196451981,28.863385162074,29.7001958377157,30.2227475719999,28.2701940081916,29.5968045091178,29.6568251064654,30.1249244105918,29.506914934305,29.1427941481134,28.7175453259641,28.863467461461,30.1499411566149,29.2657602951227,30.3640911511827,30.092417479495,31.8169437887453,31.9213920949426,31.3838857128733,31.9388820711997,32.4453620968746,31.1239230836288,31.3935229101086,32.80822305377,32.2977645212238,32.4633860542433,30.931272005321,30.979363459403,31.3172669903884,32.3018441546765,32.273127195629,33.7223294614672,34.063477375993,33.2858554824497,31.900724788976,32.3285602647602,32.4724976689907,32.5513411932147
34.8051428323327,34.5412243185943,35.5013029003523,35.2962600489818,34.6377852321511,33.7845604431076,33.5186559526827,33.5291469340502,33.344187751953,35.7389082233564,35.121930667464,34.4336137025911,33.4455693766487,31.3771111299272,31.5705589425005,32.5447902091923,32.7038754216472,33.0448302579363,33.4769726709123,33.8049044654558,34.064801274516,33.9496154329092,34.2096986187749,34.3962382953191,33.6289199579559,34.5267416699397,34.7541570012289,35.3639299504558,36.2947396182756,36.3686836835526,36.0667099363203,36.0298007451259,35.1941334810474,36.0745545258022,35.910457488417,34.684156594667,33.3360822063361,31.8669163717334,31.0961673682721,31.1228446542018,30.3825735728389,30.9741033409323,31.8629576765569,33.0259544884469,32.4478928515699,31.0888358296887,30.3325282961628,29.891954272168,31.1145110975592,31.2410946317491,31.7718288136074,32.2675088028751,31.6043315727861,30.2398877898213,29.9413247628335,30.0712147938931,30.7256751354891,30.336685848159,32.1788763809754,31.645305687475,31.3755297390733,31.1539209377052,31.8744575446026,30.6182089711406,30.3163484972002,30.4780830841606,30.6170526089609,30.6713923254913,30.460488340314,29.7338595938858,30.4958228413897,31.4164251690444,30.6683990163319,30.5283380008842,29.6803721408096,29.6419442633582,29.8987797952761,30.1447233749488,30.0507222933525,30.3518441112333,30.2851341174027,29.9440033837245,28.7917069380343,29.3949827473029,31.0357942012713,30.5309115715158,30.3593786974949,29.3643867046853,29.4029740101738,30.5568401293781,29.992641294052,30.3168594790859,32.2294925609997,31.2151220336563,31.4264969851217,31.0440659953906,31.8955609626957,32.3697270630749,32.0150202350204,32.1928815331326,31.9800049500396,30.4764721286125,31.6254572854338,31.8821253690226,32.5726979612977,32.8871747851331,33.9289018568275,33.9487231468646,32.1651323853321,31.3971122322876,31.0166348727854,29.8000397972833,29.9498831514159,30.0356415591165,29.156198581745,29.0983008161937,29.0453026314517,30.3355824904066,29.5276021005254,29.2556736524848,28.549920019985,26.7142048795312,27.14573057729,28.1418438629429,27.9522126921541,26.976454472814,25.6781984609066,26.2919941747858,26.9570590336371,27.0068033151734,27.3003357607297,26.483998590921,26.6503596179364,27.3929234921324,27.5428486362457,29.1529081719296,30.0519044326231,31.5345334079587,31.4480270260038,31.4959251850354,32.1093241739064,33.0075911267531,32.4104736358989,31.5639187292131,31.152760989335,30.4571597569501,30.24369045963,30.9292869394708,30.540025118332,29.5217310140894,29.450059307744,28.5553391866813,28.7523834916941,27.6854227770519,27.0916904503338,25.8261341124417,26.6507705213068,28.0637303775491,26.7412002482214,27.1929237575471,27.4950435809168,28.4533386033181,30.5930033630536,29.6226590319725,29.1458152672622,30.0420167745513,28.6818823352126,29.9323771460723,31.0887732189118,30.6036557030659,30.2794747489411,29.9216507001409,29.0927940474876,29.7022531932132,29.6384066912357,29.5658961086043,30.2662371243415,31.1699048872242,32.3631257502657,31.9638867902299,32.2338055290248,31.7686810515349,31.5046951792769,30.7568301844006,31.0818145008961,32.0449957098561,32.0800120624816,31.3861378449757,30.4581910390765,29.7516135337606,30.6757493497332,32.5249055729505,32.7842665072231,34.0912618529022,33.9422538995768,33.2653428955955,32.892104938004,31.8321099721427,30.8165900062071,31.7287700818772
34.5039224852265,35.0002019819505,34.9842339849272,35.3462283550607,33.7667176424629,33.669049869889,32.666721615446,33.6292962242643,33.5857893346497,35.1434359134594,34.6379464516509,34.4159257266263,34.2187252633203,33.7224281849614,32.8863346650622,33.8758843636431,34.6939392063945,34.010421968705,33.0256131315471,33.1533787347864,34.1263303049677,33.2543987957149,34.3073845829985,33.6723605817577,34.08841706781,33.2504243403067,34.3605637078585,35.3810100844512,34.9204282578119,35.7327619434634,35.8623474866469,36.8752461615138,36.3842305579513,36.0529248397902,36.3244925020854,35.43705131006,33.7134934975745,32.8318370845792,31.1538329628813,30.7789298265877,31.5528227626023,31.753410808305,31.9266957669399,32.5408497989832,32.5459476336576,31.2023387865775,31.2069614526272,30.3129438071444,31.14210970691,32.2998758091747,31.4698108230128,31.9779335574306,30.9757620488878,30.2504601168184,30.9811394130556,30.3597335078384,31.2719064942204,30.1389385463129,31.4731027452332,30.7905134116086,31.4496776688979,29.7098861850066,30.8492969834181,30.7522615764875,31.1459176069227,30.7109297694054,30.6236465732306,30.4557317207917,30.8075138158182,30.6307581422455,30.0329775684026,29.725419958294,30.1573617862895,30.3630141541362,29.4807307026914,29.8028363398136,28.4645555999695,28.8525308219997,28.982211579115,28.730813126735,28.0777682569624,29.6457208809772,29.2473389265288,29.8938742603413,29.8724523791171,29.9727268336782,29.4916223644026,30.1293250450809,29.3895800495733,29.5215782884907,28.4952487524375,29.9578100211704,30.8408151337663,30.3453290720741,29.587022568036,29.9966594354116,31.2504362457005,30.7652503421811,30.6840311210455,30.5327209617073,29.902391576691,31.6072475272924,31.8091199496954,32.0236601876751,32.9644556212431,33.0015465037247,33.5229633090544,34.0959584965916,32.5558968731708,32.1674273939243,30.4674887929348,31.0193213732879,30.1439112711496,30.2314587709799,30.8983069293342,30.5117754991877,29.1621217027846,29.3244556270765,29.8897252638863,29.1426758190296,28.097736405491,28.0784021279935,28.5685309127894,28.5787845897385,26.5452250373263,26.2944862824431,24.4133368342227,25.9704241257468,27.8101562370348,27.6607942692731,26.4087434153288,26.478761942601,26.3434437717193,27.8185294821205,29.5795226690485,30.1071541068754,30.4788895084013,30.1456516341386,29.8049899064301,30.0209699747522,30.8925867618446,31.5222379392729,32.1722234439464,31.5856503807384,31.4237039581969,29.6434774626011,30.408816248768,30.3188148262593,30.4942686171211,29.7471602727469,29.0418486471615,28.8860814210711,28.7965467789112,27.6114748655709,27.0236904977655,26.623372298577,26.4537344812435,27.5916642844274,27.1667379374364,26.7114859659317,28.1081141648274,27.8556615750798,28.9803676383755,29.812979277459,30.1930920067704,29.251646782608,28.4543787270087,30.1119055118594,30.9310332432274,30.6200090593779,30.2970763345056,29.028987279175,28.5506926819316,27.8727343051678,27.9939049667519,29.0737795526294,30.1353381026064,31.5638319464119,31.5351176895132,32.5456890824028,32.9220859843287,32.9690865529027,33.0872348818417,31.8212886699239,29.6404080349689,32.6175716829478,31.8860710981453,30.1933251322325,30.24108178035,29.2603968399001,31.3979361684648,31.6266895836303,33.1738016645081,32.6901038521948,33.6710600539218,33.2843350953568,31.1845421958641,31.4259319898862,32.0350410250283,32.6716313336842
34.5503293739199,33.9665926961557,34.5945378739228,34.271815558997,34.1476528262301,34.8291823841072,34.0839233195705,33.6272288258289,33.5347388783242,34.995439279642,33.8719330485282,33.518469154251,34.2530893562524,34.5521152216322,34.884626955023,35.0614359442333,35.1545131874621,34.081856398105,34.1143779470957,33.8105341606954,33.868999597893,33.6434001951698,33.6550350740656,34.4277314983468,35.3176359293342,35.3823172752626,34.2502777194737,33.7433165369759,35.2884079112045,36.1490220492704,37.3230356705985,37.3256095245622,37.3416042550692,36.5114845837716,35.4074646747662,35.2706952180033,33.5961044847967,34.157126909688,33.5607860413486,32.3812153347638,31.1847494446966,30.7280834982538,32.6604270851829,32.3507713305898,33.4872528344605,32.1767606727286,30.8332467145751,30.4491118529235,30.6500823011371,31.8021454793733,31.0305243139365,32.2324707233856,32.2011445630015,30.9589923631633,32.0401221980566,31.0932684888405,30.6478338077138,30.641358653299,30.3844469307431,31.0332257701895,30.4020302136954,30.5370678734634,32.371365908041,32.1148531296514,31.6306015019329,30.5577971107817,29.6357512585663,29.8923693853201,30.2413224182745,30.1283049328978,29.9839583388887,28.6344340594422,30.1952629577037,29.4530376207213,29.1050743526687,29.9179237898223,28.6874006809635,27.8824977158392,28.8867960868791,27.7383862567934,28.1638102307351,28.8135824100981,28.486255054086,28.9295987584943,28.185926105408,26.9471618612938,28.3224976053184,29.5851968906316,30.2190908585438,29.7348926046601,28.8442076624163,30.4235677240117,29.8657055287198,28.9623402241029,28.5646306321593,29.4786485516112,30.5835195507735,29.9006863871888,28.9251391041312,28.8768027678011,29.4499183966844,30.5954930511797,32.4302002327841,32.5049532458199,33.8753713535869,34.8161641403886,34.9867664944981,34.57004172404,33.0943735002595,32.7218182163288,31.4529893737567,31.6424601956479,31.7034878039293,31.0880400527753,30.3884537314424,31.1336316420251,30.5411194928877,31.103052383501,30.7592225531244,29.1779631934675,28.3272375064398,26.9726159999844,28.13963970278,28.0006738305398,27.0104874831192,27.1811703340765,26.271955933903,27.1522605728783,27.9204365025316,26.994943181641,26.0523051132041,25.7221462693491,26.6199889002793,27.3876116624019,29.1209528403172,30.4565422689219,30.5428770753423,29.8396116833275,29.8049673690721,29.3295922283883,30.5582807594176,30.7224713026024,31.4117893230487,30.97596311789,31.297287275653,31.6460672081305,31.2678205536198,30.8157283393372,30.7248679581642,30.4231731921894,29.5738764087653,29.0775288474813,29.5936486956467,26.8116737549592,26.5610693239612,25.7909612030144,26.1478193485468,25.7503104397438,26.4905924415103,26.551197796815,27.2938657293175,28.3088688688043,29.6669045278386,29.5688770199528,29.9391034490152,29.4669424882615,29.690485270804,31.3852195614731,31.5540297156153,30.2445151470765,30.1412243755418,30.0812841627777,29.1150828786995,27.8795386197399,27.953130465077,28.8791891931399,29.1886399980961,30.7043431548807,31.8055480563805,32.4749046692473,31.8063705368674,32.6874418249741,32.5427180088187,31.6886223636087,32.4884669487699,31.7318110121507,31.9477499682491,31.7787113834857,29.927332253892,28.6845184345795,31.1125162013755,31.5096485425638,33.3024831237546,32.6556458044033,31.746999808617,32.2882551779416,31.6420470416708,31.5039432353014,32.7411357272757,33.1892538331175
33.8707110608171,34.4084934658303,34.2365913976684,33.8837299978356,34.9681206987789,34.1885095757421,34.6252537691087,34.7871591352957,33.7921891449958,33.8943656450179,33.4415761406616,33.0764356786703,34.9968054802146,35.0461389190734,35.6170111623976,34.8043518851594,35.1283816048281,34.0969551992487,34.8530781700912,34.7023213117887,35.2368266147356,34.8762577592522,34.6933081463459,35.954743528588,36.0831306727725,36.9691433541985,34.5596587458699,34.3068993708296,35.5806230495542,36.5944097068998,37.3901701933083,38.4102843783202,36.8967141647748,35.9512487289589,35.1529283705731,35.2444431396027,33.8395687421619,33.8071966550094,32.9495926815521,31.6269054255262,31.5046799187593,30.5155385983387,31.2501046913131,32.1792020965391,33.1707894349553,31.2719165027327,30.4085221777258,31.0914972988038,30.8164987725959,31.4149974110151,31.5253837657861,32.2469482502491,33.6477564153713,32.3503834241259,32.6590957982924,31.0615226338589,31.1320124677869,30.20664564911,30.1586412035942,31.2774244178977,30.7758389310058,31.5116975711325,32.8838229671259,32.487614907632,32.8246333545259,32.1997149357906,30.2367221884104,30.5175591997847,29.8504208169331,31.099153313774,31.0305675512312,30.0740850229704,28.5805121434915,27.8096260669767,28.5826987548598,30.2038738974834,28.1164941776216,26.8679444354076,28.4373218902393,28.4588966443623,28.0135564921203,28.4590128640396,28.1119171891751,28.5026308087946,27.9698267630058,27.0088230303857,28.0388950955034,29.0161881273423,28.649155846001,28.5333947821768,28.9284716756239,29.8817568222352,29.975861733214,28.4397966742608,28.4054378641876,29.8337691155714,31.0414459430683,30.7061225062466,29.5256986235373,28.7338798146321,29.0480873776199,30.6060530336607,31.3075810327482,32.0388201693981,34.0527867629335,34.9502145052273,35.7135646736487,35.8336198299573,34.8791233644206,33.2062452455468,30.8392414009876,31.4793235518421,32.0362070239116,32.396178556862,31.7064762747813,31.394350210527,31.8516901812422,31.0641777418869,31.2813071815772,30.2128147137111,28.9544230624343,28.6502514326284,28.3258349450546,28.3629101322043,27.2069485112143,27.0569529041304,26.5228534694098,26.7413635665071,27.8084720670015,26.8589653947357,25.3286167739381,25.9612250534851,26.9789195731275,28.6357586135399,29.8179246862291,29.3042513164344,29.135906601314,29.4593150967842,30.5306731784229,29.9979018388897,30.6273538617011,30.9057951337744,30.2482440257757,30.2388843884869,31.0879097205632,31.2994937654694,31.1555316854338,31.3318291097361,31.2469275118183,31.0924311518989,29.3169410862133,28.9689770387249,28.453587799164,27.9816963595639,27.4916146469895,26.9497318858962,26.3917702944821,26.8738276566903,27.1101104644593,26.4276301032761,27.7429431525397,29.699275467855,31.0394277939674,30.2083190470975,29.8588866519086,28.8153105170648,28.867627174645,30.2752873883706,31.0766442402754,31.3637364098937,31.7262471768288,30.0540994880101,30.49865311699,28.0612122696456,28.124653956428,27.6733924478239,29.6674508916259,29.8555220297842,31.1269066426187,32.2656620265584,30.9952871183961,31.7677994301576,31.8230616198914,31.8397265819013,31.737155941995,33.2554976282481,32.7379242650523,32.0779428988331,29.6686510253888,30.0379001324893,29.7584938683094,30.6867311662987,31.8447430134191,31.4005113515239,31.0411658656803,31.6466406039423,31.6515356548929,31.0495648522061,32.2921579178398,33.6465890210667
34.1995781148553,33.6085908742547,34.718861025473,33.8809901815357,34.0970250256332,34.0657694267429,35.0586361594969,33.9278546302393,34.6961103799397,34.0944520083536,32.8938976548881,33.9218849829015,34.7919491803985,35.3182172101577,35.8213474002408,35.9772238679524,35.4930339001208,35.8268691437656,35.7950515969936,34.9522247136512,34.5051324670854,34.7760543906133,35.9896544119227,37.6011086155743,36.6708182422843,36.3943271048967,36.2482740924431,35.2851802667753,35.6609937746397,36.3388164127005,36.7473981785224,38.0661288935615,35.6347020571889,34.8894955935221,34.2256255551483,33.5608240124853,33.6058122797886,32.5794337264464,32.0410872645515,31.6467447311372,30.4965349822538,31.4985250962868,32.0994782192742,31.8274194595915,32.8116499559749,32.8468943997114,32.0235531564578,30.8811345635681,31.3596373956098,30.8685163868038,31.7356764721382,31.8119285024184,32.5222088077438,32.3570912515477,32.1522734335652,32.2488156239755,32.4891896666204,31.9458097921059,31.9629670984989,30.931426458603,31.3530607138322,32.1075981753155,33.2167549866066,33.3805063901092,31.8178453629964,31.0682067780827,31.2713476031001,30.0041301261469,30.3021616094608,31.8531500423001,32.748923379088,30.7793314569061,29.519418413634,28.3818632255182,29.0321684594739,29.4123516824626,28.6229276682872,27.4250527595889,28.9489584518102,26.9486161828572,28.5394252711646,29.4625928383551,29.4469133446808,29.6200449206276,27.4726528579892,27.4714175761228,28.4554044911345,29.5168143401628,29.0962523066761,29.7787962305146,30.2468687164144,28.9436400104783,29.2094914467493,27.6434725927397,27.92937995611,29.5964285616587,29.6558769922849,29.0685930146601,29.168311706646,29.4651038087059,28.931074447154,29.6133176270285,30.8062780058686,31.0712353802236,32.247675070756,34.0387378559318,34.9136381044483,34.583349628972,34.4251293443309,32.9703191122049,31.4787570788552,31.6018933952975,31.4052599126368,31.6971212096008,31.7963679373127,31.5970611350111,31.4139264731414,31.4931602471753,30.573137345114,30.099438583174,29.2753929024069,29.0060321339685,27.9642255730835,26.9584592742678,26.8589879592086,27.2242668521281,26.5085939507215,28.0288134409919,28.026068004173,25.9587519191698,26.2925162187426,26.1241242241175,28.5527133888064,28.4449441456218,29.730257787529,28.8409359156607,28.3313568873936,29.00769351062,29.9335717608858,30.3498262305099,29.839892799024,30.8206545410478,29.6871802215891,29.9426850072759,30.1519989386579,31.1136164739625,31.4709479948281,31.5154013427276,31.0315178302689,31.0778971950445,29.3794455885241,28.4532678646236,28.4765620492184,28.5166107477706,28.2062355618498,28.4584254948398,28.11463385628,26.7568231267374,26.3609805388803,26.2186423689597,27.0763295967411,28.5069334874895,30.1479639423828,30.2068107675796,28.9077116745096,28.9040052208702,29.8109950811449,30.5696414595861,30.668250739697,31.3345169856223,31.3918988444414,30.3540261106505,30.2376443781169,28.5390988564922,28.2764758708385,28.6618357912856,29.3263891324024,30.4421089560554,31.0749299978311,31.4293677276056,29.8095843828327,29.8789519674726,30.9482345079155,31.3325917147272,31.3380839779549,31.6262788002827,31.1860386120857,31.2299811294715,31.2775084282829,31.3212333865657,31.046209810619,30.4698554637968,30.027516976818,30.8232713587834,30.3276185107478,31.0740064987113,31.313906927759,31.8927036232119,32.1027351930928,31.7389223205015
33.6921524955574,33.8628545235661,34.903046969418,34.1337620251767,34.2400163401394,33.1122539188195,34.2740805245029,33.630540609446,35.2625104707054,35.035259606435,34.4304763101136,33.3147885055528,35.1888753760139,36.9872350351809,36.7829240065895,37.1329539656104,36.9509652817298,36.7489190863039,36.229659890564,36.2146306309418,35.2595852044023,35.9521597913815,35.8352622242453,36.9637452914781,36.849586885012,35.4970697331084,35.6577232333145,35.1062533521042,36.2259928264745,36.7786867553162,38.5057664832535,36.7484615700111,36.3562776410933,35.4119284830069,34.281893467828,33.8090245951836,34.0020589388219,33.125155180144,32.9695796888259,32.5976270151278,32.9481479838816,33.5927840897794,33.1057666866131,32.1236238220519,32.454046595696,32.7363106852255,32.2428242124385,30.2134702583928,29.494656570778,30.8221931390757,30.7813553626085,30.1745813938224,32.9107698195114,33.1105758999206,32.9492928596697,31.9380813080493,33.7159628830404,32.7813269712828,31.2938474861402,30.900394878781,31.7838756607176,32.7303212521462,32.3788627857725,33.6274127041626,32.3291369122842,30.7421538318784,31.5019089122358,31.2885291598205,31.0794910076348,31.7931903960652,31.7065881657773,32.3711317489556,29.8592969202043,30.06754045081,29.0078834311428,28.2200604234942,28.4850117029209,27.1506535950452,27.9301862551718,26.9485069688032,27.0614141165641,27.8006151150067,29.5903080406286,29.047157581855,27.491119187655,29.2003727231263,29.4031454161761,30.2264626353203,29.2133992984356,28.9570698113235,29.2711167711723,29.4081357825067,28.352689653144,28.1665919826025,27.671075094756,27.9187755251688,28.1342672445325,30.0063014096053,29.9029911172112,30.0915650012295,30.5686166135033,30.0018226671253,31.3055283180097,32.1381011800976,31.7188217747795,34.8179131946755,34.0103585012755,35.3729769986113,34.106235640943,33.601714722102,32.0538205759786,32.1999480831549,32.2999613113896,32.9873763185731,32.1979755703573,32.0558823271762,32.757952071581,31.1939149345825,30.0989301493145,29.3561986024681,29.3483050373291,29.3869318361691,28.3997129480185,27.8887247519332,27.1784857634498,27.6378777239985,27.4566149322107,27.5905169476787,27.4547595063698,26.666845771577,26.1754706272094,27.0573256311002,26.4726533007452,26.5681172353192,28.2494055861733,28.8401908899088,28.0501824730493,27.5730284970834,29.4031752329173,29.3593700888369,29.2918363035015,29.5072539341556,28.2971694501888,29.8279299361931,30.7748839077059,30.58720885179,31.4078438842842,30.9401233347545,29.7241847153871,30.5235035896434,28.8286380947236,29.479797345993,29.7020234538725,29.4424143717345,28.8239846969309,27.5020809357802,27.7607683918105,27.0327833493817,26.2620403722878,26.2815081553429,26.9159383449813,28.1971931237902,29.1902188047547,28.4894418742825,27.9833296410613,29.8166093472974,30.5288594417383,30.439551322041,30.7710055110193,30.6713222939945,30.1246033210228,29.9780860925925,29.2513088643989,30.0598546422733,27.9718030923738,28.4797047342082,28.9529853889398,30.2406751949076,30.7422438274286,30.7231094479363,29.1887015818226,29.9380851523758,30.0661331344191,30.3394290560739,31.6539985060491,31.7637956554681,31.4835287742143,29.9940079329226,30.8006383472137,30.9113120222404,31.2613206079179,31.2188320889157,29.5032622830897,30.5423406857723,29.4021167125545,31.2452926936168,30.3942168457836,31.8919374393614,31.8432425329752,31.8917891442127
34.0646630441404,35.0758042661344,34.8666050907521,34.9276314721563,33.866310025432,34.0954455229146,32.7658018909425,33.1619805376505,34.0330197529095,35.455368950235,34.6288420994594,34.48870510902,35.1420930323002,36.6965636002403,36.9625662811089,37.8068933014364,37.1390033235338,36.6821168370774,36.4350946250964,35.8333125597062,34.9023698209282,35.6112474278606,35.3429172718091,36.6323139801206,36.9185924973636,35.3878988178911,36.5711165831532,37.0796595878438,35.5469093061526,37.2493620836705,36.815923509844,36.037440759882,35.0077059063889,34.5589943800906,33.98487605905,33.4430655257695,34.1113518622033,34.0871010621324,34.5112117605444,34.3116067914268,33.8605411254518,33.4549382362338,33.8214436693384,32.4178278618767,31.7567246030858,31.3410014970192,30.9420985423125,29.9958046289173,29.495951399656,29.8722385648348,30.0563757489717,29.812826669655,31.2609762431954,33.437900823082,32.7612889795693,31.7149001332499,33.470779278974,33.3058361837981,32.1149280938972,31.1894361218137,32.2637273939541,31.6322976395154,32.2199449863288,33.3033530974568,33.0597726937266,31.4405185006749,31.5696489386166,31.9495699853991,31.1507847626798,30.2614285792949,31.4894038285634,30.5024714115981,30.7962190812097,29.9035820646597,29.2974351875495,28.4632655795748,28.6464787914909,27.9722665291154,29.4469610907538,26.9181907201454,27.4108554101956,28.233714248945,29.3886314550693,29.2262309759306,28.6060779470515,29.5437134984631,29.3663484038982,29.5329168181801,29.6299135069113,29.2917175204495,31.0815072361175,29.2401910644952,28.3413259488537,27.7011347763728,26.6339047177119,26.6419364539959,28.2361403635003,29.5155208319805,30.5783123074664,30.2710918446618,30.3452179177119,31.2709174645433,32.1752591418538,32.4795785524658,32.8385376191784,34.2956093514597,35.0174347328559,35.5833069574805,34.4210149391273,34.3412122161482,33.5624404070021,32.785538962442,32.8228541216013,32.5344138365774,31.6243543874447,31.6569188543575,30.8743906403036,31.8379195612616,30.7530931496004,31.2070962702954,29.3063584830549,28.7558954668855,29.3220022134658,29.2308782624577,26.832439644363,28.1324378287588,27.8309760589017,28.6539330389219,28.6040707632941,27.507089845895,27.6246192789548,27.4262476810638,27.0205126230926,26.3847415936303,27.8833238098921,28.052177958941,28.5742244929477,27.5557838258892,28.702149363801,28.6917548288939,29.2013165227813,29.0929965499608,29.2576383888774,28.7278419197538,28.6810072501914,30.493090726648,30.8645323064781,30.6773113851265,29.4170846862269,29.0250058923161,28.8705952769108,29.29716641703,30.1867240906448,29.9663176067738,28.6271542545895,28.1870791919037,28.3649594303208,26.8154524880525,27.0523053881114,26.2255134897841,27.1914699216557,27.3129050826929,26.4610692039051,28.7274570827392,28.3750346265194,29.0122167901759,30.2514124216291,30.3722536350893,30.3754544280561,30.7735767278941,29.5462535718383,29.0770169975861,29.1053782428534,29.1908712599431,27.7492238406999,28.8969606700471,29.1976770990872,29.9548284398781,29.5502101046035,29.7035115789678,29.1933307404004,29.0757920159361,29.0707987588847,29.8955695012564,30.6707792915858,31.4898048840217,30.8805817942479,31.3479883129645,31.140296013278,31.2438252394884,31.4192929370055,31.7117161892598,30.6259705159973,29.7076716465449,30.2826882441212,30.1928373147423,31.628518130492,31.0762753568769,29.9065165988886,30.7417587499718
33.0110967219278,34.699327231739,34.9147044439665,35.2609366809777,34.2942460099961,34.3992967229239,33.9959832986624,33.7833552903683,33.7474989567627,34.0559098905368,33.8922322047089,34.1037900317134,35.031146141121,35.5425491440158,36.8373557670181,37.9808749903425,36.5132810194654,35.5939562375694,36.1806305227631,36.0399122817122,36.2256261577233,35.6330842358659,35.6113969562036,36.6114847824427,35.1108491183754,35.8269509608542,36.9877467465932,37.0733595560367,35.7272387944787,35.9435105104656,35.4919941232781,34.2230666348384,34.6341709856758,34.218898823227,33.2960024452739,32.9628698117799,34.2063679362539,34.4293517889443,34.2756701971221,35.3369394251769,33.9227387536507,34.3394963207675,32.8883977854875,32.1221868691409,31.9599283005605,30.8528755630189,30.0767813366797,30.0928205124869,29.8087347314753,30.7560579589113,30.2118396361792,30.7057615260177,30.9174725579536,32.02885723299,32.849028080035,32.3946973640872,32.1715312383427,33.0085193503739,32.0214470630717,31.8277496564541,32.2513182734087,32.3834267798919,32.2163471234137,33.2123029720978,33.0926633064665,32.5511166377329,32.4360619173772,31.975192552775,30.7582654472619,30.0187776995143,30.3346993772526,29.865956886805,29.214580390174,30.0239191082457,29.8550575909587,28.7483635697318,28.7550816981929,29.1071790012056,30.0081937118982,28.6670347911748,28.1899667126846,28.6879065093545,28.665353922682,28.9572261901414,29.4441752493351,28.5429157270827,30.1341766829156,29.3253524925247,29.8274024108267,30.1730566663053,30.8220648094589,29.3118682792484,27.451996352198,26.0275333271704,26.6633107893366,27.3256916739461,27.213280301745,28.6841197249807,30.1931811968045,30.2456087712885,31.6440464975063,32.1063571696028,33.3944114714041,33.1291043719787,33.1920760897888,33.3049700065955,34.4827578565827,34.8364274886405,34.7442454910301,35.090503176818,34.387018477644,33.7465967200903,32.3665315702435,32.525898166,31.9400936407398,31.226392260994,31.5912259778245,31.7311355325134,31.4032376613404,30.0647001794197,30.581094378272,30.0236253285736,28.5247879253717,28.7192311738807,27.9912153484965,29.4570011223406,27.8844925428204,29.1402962268214,29.5572848843652,28.1156561383375,27.451585039355,26.8890416321494,26.4841611466434,27.6332875309751,27.6287222150002,27.4210772415949,26.7829206714971,28.0348924559587,27.7092231574156,28.4656358023076,28.0127024680768,28.3694555431102,27.2741479389763,28.2508129243511,28.5491662681663,29.3735347605079,30.2281799523544,30.2905998756846,29.7235545085818,30.5662954313492,30.7525025053153,30.6074846836195,30.3472587920071,29.4051542012504,29.4349823645428,27.6039099989028,28.126832311785,27.7170314050889,27.561570345227,26.4160159466824,27.3368887278018,27.1753826027923,26.6426718271154,28.0244606485128,28.5084730019554,28.6336522534928,29.4099282925152,29.2707051238404,29.1987303372251,29.6599126758604,29.6449095633644,28.6775685020799,27.8675120920699,27.7549356391253,28.0367819407098,27.9700278585462,27.3081177520396,28.8111473837996,29.785161310008,29.9396803871135,29.6928858571826,29.8122988987407,28.2875432624866,28.6683296820081,29.8598848639636,30.9463620409565,32.135822963795,30.5005335826169,32.1575711444114,30.4794338931105,30.7292229421046,32.264260983431,31.0545989986648,29.7941136944679,29.1259247947705,29.1942149639191,30.575931536646,30.6159478856565,30.22400305519,30.7257103235982
33.2573695245183,33.6970783262306,33.8394970368655,34.0468410517097,33.649672250712,33.8571497787965,35.2502943112058,33.6247278110239,33.5906958605295,33.0435053460759,33.6333746385993,33.7324764270741,34.4528581683156,35.021858542501,35.8958336526026,36.9927789613777,35.9203478007053,35.5596636752359,34.8744104533165,36.0080835341901,35.6920339952526,35.1075224962024,36.6478638590676,36.6889314237906,35.0484098928992,35.6079967968934,36.6484810403837,37.2834949299428,36.0226723805199,35.7426113155793,36.6698238856053,34.6424009511024,34.3674499032061,33.7458851354257,32.2683516682034,32.0621337091856,32.8742708330924,32.8746317507133,34.0768141086791,34.6983112985501,35.2464136133226,35.522979587856,33.7781877894677,32.3510202969789,31.7416827451342,31.1324262580838,31.1201309594436,30.0460102362682,30.2103770188114,30.9438166656291,32.0642269336837,33.2258488198782,30.0243231830932,30.7254971118282,31.7075282419879,32.3370082788742,32.7293121262743,32.0353470744483,31.4773329928761,31.1699451721057,30.5538848397785,31.978149097014,31.794393929201,32.8717864869734,33.0769499465719,32.0897593437037,31.1431771629999,30.5904485951579,30.9190535068234,30.3511058088238,30.7016170738323,31.013687205335,30.3537191985789,29.2052459799353,29.6876337778268,30.1443934415034,30.0547027290748,30.893657454592,30.0100905603212,28.8739458278103,28.9513953997804,28.9927439889406,30.0964106047744,29.2312095129545,29.1863613167263,29.9766519496764,30.3934591235861,29.1624996124973,28.9453875356553,28.3832581594329,29.3317679477028,28.3874766888515,27.8715565652815,27.1653098310602,27.4146569944988,28.4049547662224,28.8019415242685,29.3030691564677,29.5814505135874,30.1870375180479,32.1986141172437,33.2517646784806,33.6404374694219,33.0457578404143,33.5878342572,33.7819565456863,34.4598747472242,35.5763828248562,35.7093047803026,35.1787644296409,35.0337697884175,33.9604765276583,32.6171707495634,32.1709117135518,31.5176738153643,31.3061194661038,31.4929363199522,32.1523002757496,31.2332997092934,30.3772818969344,29.9106303222572,29.6776864676709,29.0205423013826,29.0610154853951,27.6651213446608,29.0798437320109,27.84014094305,28.3590613794639,28.4903336128913,28.3977342013491,27.5829946122538,27.6284925389172,27.8274289910004,27.9491823397115,27.2167480541771,25.8829015108939,26.3564210541552,27.9646009372563,27.3803809604206,28.2657608906421,28.6183457359965,28.8075533435301,28.5379110639025,28.1776600902028,29.3998837533055,29.88600761928,30.4508847761535,29.9668433178119,30.8548977677214,31.9556874470312,30.6076562382707,30.5006249692363,28.1662515866075,28.5152701980333,28.336635715323,27.8447359652353,27.6436836397589,27.6755275891948,27.3750846363787,27.1207507043864,28.6587912619086,27.6133194612531,27.797688600131,27.2780514263393,28.6906294476131,29.1832592771248,29.1143116383767,28.4920067106952,28.88131671094,28.1543653548257,28.7274860918347,28.559542449296,30.4049536426757,28.7996001451008,28.0345522993728,28.3398027774658,27.3855862891296,27.8499011783084,28.9882575899315,29.9240561768091,30.5771236813847,30.0926234982628,30.1634825893418,29.7874950149423,30.0919868746917,29.6834959684497,31.2056564603214,30.5765480576261,30.7894982999208,30.2944073856148,30.5889467420411,31.4154305751061,31.1584825424149,30.6087849409049,28.601488343044,29.8702326322875,30.7365255548906,29.8986164453098,30.5992575251912,30.3418245106006
34.0354166758825,34.0505546660602,33.7730569368012,33.2318318118339,33.4354823143779,33.9692202999366,35.1103568673832,34.2553100072817,34.1971867120473,33.5938722905621,33.2148979581707,34.2255587241291,33.6739748505339,36.0716747657157,35.7215208507189,35.944928590622,36.1082172808,35.1591156497589,34.6713604565164,34.9744609810692,34.5021669487277,34.3041984295656,34.0565720543581,34.5772689364999,35.3349502981652,36.0016798725054,37.1680305947222,35.9627077351779,36.5902334479612,36.3789122912423,36.922647259385,35.6715714472742,34.0224114804197,34.1397310030773,33.6343707628572,32.9365550574009,33.3960792575239,33.1890100942814,34.3321973157698,35.2372234096754,35.5963618754326,34.7850315381758,33.7890232782088,32.3001726411031,30.8771887026118,31.5932918998946,31.0694481697384,31.4445030257587,31.9045029183809,32.3757833109839,33.4344736048307,32.3032427190384,31.7479802689895,31.4206847771533,31.9063192008472,31.6756684329341,32.4252283452638,32.6503384669755,31.554252859628,30.7689967654385,30.139073307866,31.3511443389672,31.8498245236388,32.1562843997517,31.4933449472774,32.3832168779982,31.1041288224093,31.8673974851535,30.6983540831006,30.011209058557,31.8958002283695,31.420393686955,31.2802831216861,30.1198771753201,29.3692793136778,30.2623790368205,30.4337695834972,30.90756047476,30.7130324854721,30.3649616967613,30.0092361708006,30.6962859504288,30.6190230449844,29.6847956965973,30.1676802329822,30.5556390165077,30.1720462930303,29.2803970331915,29.1200833320601,28.8623050873597,28.9241460267559,28.6604664790792,28.1889224534293,28.4562031713681,28.6771742098503,27.9076671339987,29.8016770454769,30.6736195891225,30.0208697085391,31.0182308986485,32.0950931496419,32.9910011314762,33.9438242929226,33.904038490888,33.3837868346388,33.8633454486797,34.1896115228389,35.9021939945897,35.9484005560334,36.082320921196,34.9457233342372,34.2143283801939,33.9125909771136,32.3345819184679,31.0499415322828,31.6739244223177,32.6481058341921,31.8055816941027,31.8143290446792,30.3595696498353,29.774639788372,28.771349511648,28.6786113866913,27.2837968037781,25.7480797764268,25.4179711678062,26.8780589632071,27.6407950349785,27.9594201624883,28.1996408779,28.7494613051871,27.7059957450257,28.3706765269642,28.1670597678245,27.7159136883036,26.8627911197796,27.7621379643645,27.1272173941734,27.2883613478437,28.7614610889668,28.9843502749397,29.3108621389418,28.941417119937,29.3604090662626,29.6879005789538,30.3172544460368,29.8231215720288,30.3730014861216,30.4085021474684,31.3323653219122,31.0061435139006,30.9858560861225,29.4393650314331,28.4585017034963,28.1937126638904,28.0525189964678,26.5674496980796,27.286778506936,27.8180667015707,28.4139639342872,28.0854519142703,27.861463270166,28.5463904204315,28.3110718651467,28.9227391366226,28.7648427588405,28.5356125587853,29.3393663076701,28.3538549694423,27.2617883752803,28.0147831063268,28.8570029705931,30.9231525127358,29.3662478694403,28.4609538693795,27.5151399429583,27.6443872970415,27.6186716092672,28.3042122357226,29.3460008321305,29.299769113029,29.6708667491605,31.8006970815149,30.2633076143269,29.8621765558041,30.2843124194694,30.2052151531874,30.9064029865923,31.5956321384301,31.2264815739322,30.5980755720558,30.1159839647456,30.1796838680182,30.4719922775828,29.9664140579648,29.314138487217,29.8713448543995,29.2266255189143,30.2821341596565,29.8126604429493
32.6786580845756,32.6086798137454,33.7110108833489,34.5953417054025,34.5960170531446,35.6221077776151,35.1476469214135,35.566516999853,35.2481333573133,35.3609329702092,34.4637123566889,34.3273199899077,33.6112336224943,35.109644189765,34.5800368848316,34.7538766264164,35.3081259346835,35.4093595406821,33.918445875569,34.9296519095675,34.0722056704762,34.1475580183037,34.2363580335597,34.3850958389228,36.2187887407172,37.2172081688792,36.9552258232863,36.811994901968,36.7197631820405,35.8784089692076,36.9129356372021,35.4019516273363,34.9162830055015,34.7835085120671,33.1336425442949,32.9218258436368,33.0481641034097,32.1696110761085,33.2319747423308,33.810915180755,34.8245928601921,34.5464125582003,33.4784421197628,32.9806840573068,32.2561881623969,32.8514549712919,32.1075408229398,32.1724454348189,31.9735544668206,31.3343953373965,31.4508859171688,31.7796048100124,30.7988310209074,31.0369229727771,31.1777082756364,31.4809189741651,31.1390176205723,30.7617176230486,30.8604725598255,29.8088714855036,29.2094076097655,29.0473331941714,31.3314662036979,31.5633286599586,31.429658493863,31.2690360085316,31.1403953045694,30.7803013241937,30.7585037374139,31.2143393352935,31.9358654075928,30.5449709265442,31.6472037398659,30.5387453979793,31.3487838201172,31.4325117828968,30.9968993553852,30.3283177955909,30.8570829024581,30.4088502853094,30.1508327119247,31.0025261924587,30.252975605352,31.4517683820511,31.2327234274442,31.1623138836608,30.174534632533,30.5350589002732,28.7256934374657,28.5522539698705,28.3433994858982,29.0369456728873,29.5085665772241,29.798217304658,29.2089325292251,30.3723063750111,30.5639021651814,31.5378056551678,31.756736354825,31.443592397279,32.2780214088119,33.1074416812635,32.5253073186485,34.3806343456345,34.1649480835761,32.3961217077259,33.7279030387552,35.5378104621746,36.0746076100105,35.8816865851595,34.8359256918921,34.3535974329435,33.3756497583752,32.5186865138717,32.8787932768924,32.1440685913893,33.1234997580565,31.7473320711536,30.5964780044846,30.3597096202445,29.2127570071415,29.9477572770058,27.9045488174754,27.7202298937107,25.8127941619928,25.473211802399,25.0490807270387,26.754568896498,27.9657307713467,29.537067650311,28.7259625072838,29.2737913345742,28.1469933552268,27.6619619877717,28.0190846273755,26.7425964750439,26.7745000244168,27.1205199070352,27.208008234551,29.0618276317168,28.1176708990703,29.3623159185215,29.481433164971,29.8130644470945,30.9694138961449,30.1652800880836,30.1916756268666,30.2719014122034,31.0217108119219,30.619582345954,30.8739447717447,31.560466940452,30.3291532735258,28.6106331984938,29.1365324842538,27.5899981619959,27.911013118341,28.3916394762365,28.6400193877752,28.1517592494682,29.4830876088083,29.4571076939088,28.7375954761197,28.7629103209165,26.9706786849169,27.7540270627258,26.9813886678658,26.5913994267273,27.2385561197719,27.4813836026905,27.2608509343495,28.229039232827,29.2022565157151,30.0643975922748,29.7960400972818,28.2296766627609,27.926951144263,28.0670616455538,28.6634932605066,29.4746436139729,29.7967009920424,30.139521580601,30.4621664440018,30.3430802551389,30.1262463837813,30.4376219738235,30.7889218019595,30.2608695502354,29.1303497111983,30.4142998176138,30.442102018423,30.9809393430304,30.777080437992,30.7890252796329,30.3208917422452,30.0129040936077,30.6026127010192,28.4970227788872,29.82391388156,30.260043248892
32.6824721605482,33.0767126503109,33.4999951702221,35.01157002674,36.0621034864608,36.3954362177072,36.3030419942031,35.9747578048947,36.1554089347264,34.5143009916444,35.0827253056451,33.8466890540739,33.5625454758915,35.2933446770548,33.8166507818008,34.787150504888,34.9900112464696,35.1513020154828,34.2245366047067,35.1957274913898,34.7257031077273,34.4163837219321,34.9196083563484,35.3716501960381,36.233961008531,36.7509738185376,36.5956751749152,35.868722795182,36.439785554822,35.7131904918353,36.2519041221601,35.6250051500172,35.3136385274296,34.3468092573634,32.8790368260363,31.8165847956842,32.3092989287115,32.4212695168921,32.600389784454,34.2741914249058,34.4032166141576,32.681979474826,32.8621529572099,32.8155902041933,32.2621576795056,32.0542092600458,31.964135220093,32.8897820417661,31.9573418844387,30.9387577561247,31.1356589362161,31.8892190314967,30.8031781923068,30.9435657897627,30.5421277628037,30.3369686230274,31.1286515913767,29.8584498735166,30.33233847359,29.2175640508061,29.1606815299471,29.0166308430644,30.2088989676345,29.7453639315331,30.5017060997545,30.3880021704325,30.3232473988004,30.1455628413402,31.4185775469528,31.9589111613736,31.990137939463,31.1181577431048,30.9422627947494,30.4712280269462,30.2076569106661,29.3797815164122,30.811043553356,29.6565111198797,29.8707985352428,31.3064682735217,31.2486712627577,31.5927657938627,31.8864832152746,32.0945053531482,32.432261338892,31.4972012839987,31.9635540296433,32.0281149164504,30.9049263732398,29.5349782507978,29.2955647311317,29.0136293760436,28.8409448484755,29.116680466234,29.6063790682779,31.2119249506174,31.0629435075657,31.5418045676679,30.6293116549051,31.4188590795075,31.6277874060015,32.9754968703691,33.961048924787,34.5901227462084,34.0052557085497,33.4242959453682,34.983325188912,35.4007859679503,35.975741778302,35.6994691560751,35.2318904801398,35.2564824707964,35.279542404083,33.5184665120701,32.8684599585356,32.3217771561024,31.621342027613,32.3324352844164,30.8304846195176,30.8112933527977,30.4967160504916,29.3613139155191,28.7800462973848,27.2416369014714,26.4938049630607,25.707761403303,26.8064430601306,26.7556823864707,28.2315805984533,28.5682663854593,28.3299817693247,27.5451981565597,26.8923139631575,26.9252429808204,26.6852223616699,27.3165239206476,27.908509999417,28.3029991445815,28.6919410774467,29.5030437919509,29.9232289126387,30.52357265302,30.1914428302046,30.0087856963449,30.0546127816631,30.3507855562102,30.3156123056009,29.4606952885074,30.1036431471021,30.6682730507732,30.6786915828418,30.9870765170099,29.5714959446119,29.0443353352625,28.451694373294,29.5375180760092,30.2191284699213,29.3978799424755,28.8103543856967,29.1676693492515,28.8608009570964,28.4757111670885,28.3258874289786,27.4087948133771,25.9350144620234,25.6375978619554,23.8530801886646,25.7378733315297,25.917551522607,25.6359339569585,25.8715759059093,28.0328061278708,27.9594603827764,28.344510290064,29.3590610730672,28.7604192348137,29.0640156186257,29.2856785764516,28.8975765137972,28.1592545867456,29.7756682819553,29.5643929427441,31.0351880391595,31.3900198443736,31.0941919371444,29.5510721399968,28.8957653323205,28.4076373845358,28.3111462582973,29.7441516099597,31.4479117504586,31.737158727703,31.2252143257908,30.3834716383342,30.7079776478347,30.7682030611096,29.8118293995925,29.7671695557089,29.1681326210244,30.0639142212904
34.4031690682883,34.2207144296369,34.0595502637931,34.6983704661768,35.5135077581399,36.4104561418265,35.7104349910744,35.6938533769178,35.7295782938837,32.5427547413689,33.264414894542,33.6254167597894,34.6124723957203,33.7720239156488,32.5560296599895,33.744219737332,34.4095973853077,35.1839780247882,34.7864251461623,34.9268241165914,34.4532513350981,35.9304090618371,35.9151790253804,36.2307698064784,36.7212156117168,36.8973967971293,36.7316552445497,35.7437858040476,36.0504059275864,34.8903431248556,35.7385307983124,35.9591581528493,36.5465131873163,35.6056693717597,33.965347493946,32.4619426265364,32.8159516190963,33.0971347649696,34.464917438212,33.8319729987989,33.4985557087378,32.2969474989215,32.9154910682869,32.0701106852392,31.9533671318239,32.053217773551,31.8725633735207,31.832098296791,31.5253342196973,31.1774610094418,30.2681940543971,30.9314316361019,29.6733155087478,30.1168281274513,29.7034742411477,29.5423740249415,28.634592836929,29.7465925757087,29.6412369094605,29.1879910911458,28.1081257326374,28.8921732713782,28.0034415640756,28.7017796768109,30.1194208575465,29.578201577494,30.7301260535767,29.9038132449446,30.9734810219957,31.4212448693929,31.9848480201951,30.5059954454454,30.0197917105551,29.5602610827118,29.8536376218398,29.9675921637659,29.7112549422964,29.0409940275119,28.7373629278442,29.9882145130458,30.6689158371064,32.3554752838927,32.8442321919854,32.8184839003884,30.8950894859983,32.1874315920005,33.0097200102146,32.3225809335502,31.2107376991421,29.3506801465689,29.9449319851314,29.342664420676,29.5298797002678,29.4805520842691,30.0282450107027,30.7260915882273,30.7929416582641,31.1662245653039,30.5817909249691,30.5100166318198,31.6455463579237,32.1100589728322,34.3656846170094,34.0341168079822,33.9925069704266,34.7145240232552,36.0100787794637,35.9928517518432,34.5029696088571,35.7322641155456,35.9051993807135,35.7979433068192,35.3746710601656,33.2597075865369,31.7753933503651,32.8076206919648,31.894960424238,31.336392263334,31.5658906425572,31.3457195263394,29.5956721162704,29.966699121844,29.6618184755446,27.168547126079,26.8899118464874,26.8845601067113,26.5921750820177,27.2325100985976,28.8082590890429,28.7898113676674,28.5494955456827,27.7793687885781,28.7852489306568,28.4071231025069,27.6510653377325,28.4245355692106,29.0967436027696,29.9083962046647,29.39007895778,30.5917948306838,30.7935349288033,30.1142713602987,31.5580211131791,31.6438746737265,31.1020892907575,30.0931241136302,30.1093201424492,30.8863915190468,31.2793987021663,29.8115864342985,30.4421541545984,30.280827400345,28.9657788999809,28.8005224784145,28.6078280828045,30.1073822590409,29.6712556198464,29.4917823399276,28.7037451795731,28.4027988944673,27.5864957403338,27.7210784429486,28.4559878210823,26.9557442445239,26.4647836171249,26.0104226528189,25.5699747426458,25.4654812096773,25.6345973191292,24.3354945174568,25.0338597378991,26.1647061498144,26.7025197175178,28.1621363150861,29.1261827420423,29.4719612063038,28.6280095918029,28.0657719994344,28.54253410069,28.2077561611523,29.052465382338,28.69975361349,30.3192921340547,30.6596653508035,30.4560387756893,28.5653125817122,28.3337359414583,28.478976067022,27.5823954775687,29.0119117648159,29.9432796335987,30.5889969870839,30.8806949288586,30.2540658991954,30.153900958492,29.4969902627981,29.2869116384985,29.7045093615296,29.8335734318804,28.8032687772557
35.0940902844644,35.7598222670387,35.8088614837631,34.3890311039274,35.0752452585596,36.2729502829797,37.1600814750385,35.3416347227017,33.9102863985353,34.1649679834875,32.7102061553753,33.6113841265734,33.653846130752,33.0931147537427,32.9471852701663,34.0206662467188,33.9757656212621,34.2114723489405,33.9113189653642,34.4572473430082,35.0232489230326,35.5741449246539,35.6832402542863,36.8050574299172,36.8953579617157,37.1573471379305,35.6469725880832,35.3552172203755,35.0022427569899,35.0660157309209,35.7161461139714,35.6618821037741,35.4683642397208,35.1359867297525,35.2620256073841,33.5618284540722,32.6324079463485,32.8653877638912,33.6609202491572,33.0436286933047,32.8349271248909,32.1285914330594,32.360407258415,32.3202328847658,32.1576816531654,31.8145836070745,31.9148567056005,32.0996861580472,31.4950938116242,29.9013581244249,29.6740221044281,30.0239377812757,29.3970762278997,29.9393465566868,29.1079851699481,28.5979472663809,28.2651299962908,28.8168534205873,29.0275338333821,28.8153969502892,28.3857362207522,27.5493935550617,26.8134972271556,27.2387678977726,28.1635892460993,28.1130965569236,29.6849759451434,30.0795314862206,30.7088501666504,32.2182244348807,32.0596118265573,30.1037809669336,30.6992649492374,30.3264880593875,29.7178830190204,30.0122595970564,29.1844377433239,28.6987025954447,28.9654345088691,29.7831551037732,30.8817114682325,30.96368717084,32.2321716029695,30.9649749455358,31.252165042171,31.8302677124524,31.6185642006121,31.5422711791015,30.3026205989501,29.7829188236616,30.0512479019176,29.3798051337133,29.4091669140609,29.7158240802243,29.6861606195759,30.6064969502644,29.5633439167134,30.2174740230584,30.8921144535328,30.3782985545607,31.3753828515417,31.9727876977907,33.5037867658567,35.0337791558744,35.30079048434,34.7787203148097,35.3100114931851,35.5510265480034,35.1057111322787,36.4838063926292,36.1792807788123,35.4041981022573,35.842325792527,34.7736972227086,33.4778882942936,33.0961429761785,33.4089632866654,33.233679639133,31.727496964596,31.7782622332968,29.9485744743844,29.3730579761438,28.1496502801726,27.2037857702146,26.2644053041759,27.5498996141827,27.6892591715613,29.3876590438448,28.5329044208281,29.1258811979234,28.334317382117,28.3417584432975,28.1377643030857,27.118689393423,28.2408739859157,29.4690239315855,29.5254220013002,30.3065341367963,30.3014309878794,30.1224522226156,30.3485558709814,31.6783282467866,30.8836629316616,30.7050430027775,31.3505296237754,30.8773508052691,30.4448893680244,30.758211722092,30.8159777507249,31.3598213472889,31.5356694481492,28.8142034589799,28.8054015545145,29.9895589843209,29.6001477371011,30.3933284169767,30.9222953952355,30.2433682902647,27.8529855156079,27.4375565566247,27.5503555019572,27.7859203414717,27.6990130891287,27.5463459639137,26.6646554971002,26.7852325880479,27.0684569420172,26.0454461535214,25.3853460786031,25.5435077200558,24.4606576737388,25.3897485456662,26.6383875601513,27.5709238860013,30.0770159867653,28.9098030731269,28.5002254199043,27.6871559560069,28.8944226351833,28.8303025459321,29.0939807182996,29.1541278867554,29.0143309796941,29.4227624639488,29.3253040012335,30.4022834389978,29.2974066276409,28.4966987739935,28.329343217845,28.9107595650767,30.5206304818318,30.5383546205049,29.554458905893,30.0978220004171,29.5875212391342,30.1356083568279,29.6184327042813,29.7865134502664,29.0479655884144,27.5213884207318
36.4874862659203,35.4245265129142,35.4589337955164,35.4361716801174,35.8180770939557,35.6292924732656,34.5713665599431,34.9110259826331,33.5774036738466,33.9504988193188,33.9200396315195,33.4731365250752,33.3397745797699,32.902373449414,33.6067399529564,33.6490748403551,33.1824358759878,32.9669303560587,32.8789448170677,33.8629977221683,34.1702581184878,35.7862159796392,36.9781393262494,36.2782158979148,36.1064389544617,36.3353623238804,35.8596785537934,35.0610863504988,35.3460307848635,35.8227595812953,35.6362299940093,35.468914786856,35.4272443250119,34.8316283122402,34.5273433043986,34.393931013286,33.2620654234423,32.5393148339943,33.2522996347295,33.6392876700104,32.8397957969578,32.2420550217499,32.0076663588631,32.7977967969918,32.3217468863775,32.5523959097378,32.1106662407092,30.9879466040526,30.0657058042939,28.7112393296243,28.4199289471544,28.9632638939058,28.9520847049441,29.5527722463988,26.7769378676564,27.7039249911703,27.9253555028981,28.4799774958665,28.3765989394315,29.1842868501233,27.8529764165979,27.6355454719991,26.9621589526757,27.7229503865425,28.0066661604985,28.5872854998615,29.4818261405635,30.1704680559394,30.6937704447056,30.6819629438081,30.5052526988408,31.2054741237839,30.5865857516225,29.7279269642404,30.4628693203487,29.3952868101719,28.2353643914377,28.644628354352,28.5141751623631,28.7893409959506,29.8349844542391,30.7277139673887,30.6024353247287,30.4180086712243,29.9983724955355,29.3797201125957,30.4811623721991,31.1820042514782,30.1352648611997,29.6925822416749,28.8949504232622,28.3220030706125,29.168321882628,29.5936943929882,29.9507988337236,29.9964734455998,29.747339028462,31.0244041944863,31.7571582877517,32.2140907094926,31.6213582145156,33.1856982647963,33.6272083032937,34.3679432674214,35.7421852660212,35.3397667892764,35.6162949666422,35.3751670106614,36.0822919211332,36.8847055000131,35.266528203607,35.4833910358725,35.2596782455983,35.1442962434392,33.5147314013839,33.9636699018654,34.8131883722807,32.8156160470621,32.5124999878903,31.7658438134246,30.4589884386453,29.0993583938794,27.647422819023,27.2735224143493,26.5986818532094,26.5412428456173,28.2036217951049,27.7655367501108,29.1000307154495,28.5591749842882,28.4812650297139,27.4832411377493,27.2619705423815,29.1375093224059,29.4845767208341,30.3559924604929,30.8416296269481,29.8303582413916,31.0190508958403,30.5383256721982,29.8902672281086,30.1462102615582,30.9872848630849,29.6792737146743,29.8765284060665,30.2721588003516,30.5497555812584,31.0813080806685,31.068146503989,31.3430549467732,30.8531126730625,30.3660349556371,30.0444172398216,30.4188836549653,30.2767928270935,30.8679397868591,30.9235594036829,29.3453350454229,28.0797402446909,27.2567948210578,28.3760022414868,28.534605808228,28.2061361536922,27.8553907292452,27.9372515471303,28.0546533142287,28.0076402862188,25.4175120802356,26.3446992966331,26.3321319076495,26.4497342117876,26.5031281217087,28.1537397309831,28.5726930141392,28.7565226428828,30.121586585667,28.3240682851194,27.6014180223886,27.617965055665,28.2463594933944,27.723707488276,28.949836614598,29.2280561269756,29.5781666489241,29.9777033919882,29.812957019481,29.5411110917582,29.1339254388436,29.1075948242564,29.0226097682876,29.4718098620609,29.5535004106052,29.0756429828023,29.5015791545253,29.6133942289781,30.1963883580124,29.1120921580343,28.6838842020205,26.8916440008902,26.8932944719636
36.6805748457651,35.6318104257638,35.6922915047809,35.4810989916877,36.3327824062735,35.7242523576271,33.8217043160737,32.7327293111221,33.106758129835,34.1010251370676,32.6369931151048,32.1870335831509,32.2851008330533,32.5276446736182,32.7410060173928,32.7017714413377,33.3151775842058,32.4786336234466,33.568857113557,34.086929442114,34.9937403794085,35.5165156769728,36.2405140722688,36.0542761076244,35.8437127825387,35.0945861126607,36.7689288994147,35.6716286306885,35.6326447794715,35.7978332811745,34.6107391881755,34.7208344913267,34.8604136273749,34.912395989924,34.5440753615471,34.8452894802638,33.7037362814258,33.9401920014019,34.720575697382,33.7192183451607,32.8642899992246,32.716106676786,31.2382827886386,31.6383516156091,32.3841324180635,32.0865977948158,31.377878604769,29.4859522379606,29.4324249853385,28.7984204560628,27.6647975475011,27.8335093102877,27.981309627842,28.0708604547306,28.3942062993948,27.720776224838,28.1609624908011,27.8401076810011,27.1991040525633,27.5734864246751,27.4002839285208,28.5251022926306,26.5984123407121,27.8941260885102,28.2895207122155,28.3379277231876,29.0169822847879,28.414330347947,27.988807872958,28.6595361086283,30.1616384289721,30.5460957701052,30.4758733078739,29.8443530565689,30.3928250817077,30.4500059158649,30.1589267313235,29.5276878348051,28.2643922537375,27.7169035006311,29.7806952101856,29.6640402085274,30.7742982766211,30.8036101605007,29.893550593578,31.0036560551826,30.3267621833885,29.5343252138467,29.4851079896827,29.6956155096591,28.3166274126073,28.4293136953471,29.194216251013,29.5260621252842,30.2438208375605,29.8097548449301,30.346465743704,31.8801802462754,31.7392499208201,33.0046179794805,32.1600832779726,32.5044001238505,33.0803052343872,32.438995221409,34.6238510225108,35.7497496363512,35.78285501568,36.4020899317608,36.1326075934917,35.6736187022268,36.488688640061,35.0157849107833,35.2830336666671,36.004648040069,34.7823899608514,34.8104972132396,35.8008147962509,34.2780803844893,32.9929329911439,32.1225201469542,30.7495934284071,28.821454894192,27.0504360724824,28.0913832798783,27.8434887664475,26.8365570700718,27.2362523443152,28.3002175964259,29.3603641960612,28.1871483051278,27.8478083992412,27.3825496313894,27.3655717830718,29.3719681794585,28.1596440658532,30.4022345036845,31.2986000820038,30.7947320315202,31.1959307109099,31.2864559755398,30.2104271808857,29.7986141155251,30.8254664485911,30.6588959073996,29.4072379370432,29.6599741250159,29.9802919907591,31.0282673821432,30.2396793817398,30.6717470369151,31.5780501617346,31.2984292966023,31.5773438599937,31.9187745874156,31.1455772242403,31.971795907275,31.4964165864849,31.1119193178699,30.3168879903159,28.6964313453947,27.7711397839014,27.7837536266646,29.703218279234,28.9850690177152,28.5737346345642,28.526323855445,28.4857545915264,27.525929272997,27.117377174945,26.9516130791838,28.1346196859279,29.1250066851603,28.9992985614151,29.7207311663154,29.2135362145903,29.5123536387591,29.112927966964,27.4865500203365,27.1029078471208,28.3127413669984,27.8872851808639,29.0467315832951,28.6318205452148,30.16040477425,29.6922702418651,29.982994389466,29.4698416297469,29.9838187518296,28.5335792881187,28.0537952630255,29.1334788861236,28.9849924647187,28.6514683997794,29.6974896495741,29.3084214027855,29.4961824139195,28.984798667782,29.5676987354207,28.0185038714738,27.5298467335088
36.817700866796,35.8051373907704,35.1437017471983,34.7109305257829,34.5644416604008,34.521415811815,33.4774100804872,32.5681270635446,32.2590717054883,32.1953617977365,32.1838402316004,30.8940930516049,31.4520608187011,30.560592045055,30.8321604526322,32.2196969382556,33.5820191024232,32.8681122769372,33.6929562322604,33.6245022226305,34.5260893686156,33.8458814086445,35.1062644582028,36.7170233227764,35.8587601178611,35.6669856386335,35.9393322503777,34.4114298261242,33.7225780661059,34.2594918387024,32.5265973104268,33.657716716006,34.5785258106622,35.4630737341937,34.9927517412117,34.4512386722105,34.5752538660855,34.7319511401939,34.0829589884517,34.2497482213851,33.6690624052927,33.4104177501587,32.3007635739502,30.7050267078117,32.238546256874,31.2986513837764,30.657433696039,29.3795875672846,29.4592615721419,27.838694260038,26.0537614535526,25.3381528156684,27.0838934972964,28.0584513044488,28.4234873442592,27.8865723892228,27.9197896437715,26.8998091064342,27.2427404698738,27.0641981407739,27.4018667189797,28.0184570728662,27.4464410600079,27.7647226760116,28.1331422890922,27.6954314340352,27.8427533255016,27.5841842421437,27.8220587848699,27.2931745909692,29.8943443364431,30.7887649516658,31.0473834775836,30.1932962438244,29.3645222030361,30.1029958027266,29.7295376104077,29.4281694768287,29.2962003461091,28.4567677060237,29.1110020426229,30.3805791667789,30.3785503095374,29.1664401279311,30.6049850392361,31.0441443873101,30.6932705698025,29.5561081261802,28.7424120531996,28.5104092082031,27.7898031887045,29.4232408189311,29.0637301996283,29.9646007770937,30.5392186947003,30.1211727385126,29.4033426658623,30.5926061866293,31.7678236386734,31.4936039526978,30.9920748886887,31.529596414062,31.6668555387695,32.9280615048793,34.9367016506367,35.1662633769556,35.7499763067984,36.4924886868863,35.8496738437717,35.584105311719,36.2390728789777,36.2676685599908,37.3108404357133,37.2225547799939,35.6025796991731,34.8638549550164,34.5398128616167,34.6020992359612,33.2578996848529,31.8537970875637,31.4655126828626,29.7657595213779,28.140300540799,28.6649202243729,28.1528571168779,27.8077922824789,27.4281306943654,28.8387140356983,28.6516373996983,28.6513045754465,29.8748897583439,29.1832674895972,28.0251938686568,29.4525855784847,29.8605954949083,30.5741138533442,30.3910017279094,30.4985159369129,31.2445776546628,30.6318022476906,29.401672037396,30.724405738968,31.4495133201362,30.4727458637859,29.7995862581849,30.5771870709724,31.8200855689152,31.0658155313224,29.8931629491575,30.4559933231641,31.3259998882336,31.9852056154651,32.8556291238795,32.8782985747619,31.7346124016503,32.5417977779718,31.2573179253168,30.9808147460562,30.6308537190397,29.4628450947951,30.3569630084622,29.2936122370088,29.1127514078274,28.2731348662818,30.1749386304256,30.624923706797,28.2112437841253,28.0425276451021,28.4481194043301,28.6744373560796,29.1142665151405,28.6294438108873,30.2789781215484,29.9016480249593,29.8745012022741,29.5306594331054,29.9005709564586,27.5726573792816,27.7863565724744,27.080696811977,27.9585717097813,29.3862304379543,28.2322752707255,29.21396495262,29.0120010373975,29.863501890581,28.4367845558955,28.9734391251177,28.5593231542508,28.8329415508965,29.59997183659,29.301294945691,29.1327188106826,29.566287627883,29.7600481172285,29.9017995757218,29.0633249076511,29.1595475936084,28.9223305840042,29.0025652638209
36.6455490766947,36.3444139659,35.7542358805246,35.4288840374248,34.8739888461462,34.4876021952728,33.8586242044173,32.9954366823144,31.2242748585189,32.2597987712625,31.5432746254944,31.4655300578838,30.5077854819057,31.132122908379,30.357442539262,31.4835471197164,32.8181043976878,32.0767755013505,32.0756584768134,32.1230491137084,32.9108746713957,33.6074904322026,35.5483305735147,37.0537436143342,36.8033200218871,35.2294389465764,34.272693021676,32.7312204826694,32.6118634129546,32.0493718797418,32.464147711571,33.0446026199174,34.5072244944651,34.2747988877164,34.5442406354516,35.0174587515724,34.7910606048511,35.003578165268,35.1964128942016,34.6299612488679,34.3249621027422,34.3477379661199,31.9272022664997,31.4872675786835,32.0175391430095,31.2672223242366,30.3617647670569,27.3767628997164,27.5910662854625,27.2659865328324,26.1021038758271,25.2518895910886,26.3341347825032,27.3388179880151,28.6092382796092,28.030710227224,27.6568067691143,25.7009655645826,26.420025232355,26.8290159214778,27.2382123958031,27.219320600789,26.9325767084039,27.3209571550598,27.1244876063504,27.2209214295461,27.5188766015576,28.0146659722067,27.1853471458096,28.6784676846444,30.0794076932949,31.0082101328091,30.0923384273284,31.8107113168984,30.051097584868,30.6306440216502,31.3896388400542,30.5048127820058,29.8933147664407,30.3752744887913,31.2714871787252,30.4179895742308,29.9310136355021,28.2782192005708,29.2117615940859,29.2502107551516,31.1597821639472,29.9507982106432,30.0692461970918,28.8717956941436,29.0501969485214,28.4062938234518,28.4184545738382,29.9392821917255,29.6956984730451,30.2776561895607,29.4825581500179,28.756299650556,29.7162135082902,30.4143694729101,30.148370600107,30.7012890582824,31.7163280955912,33.3106749586693,34.4393666955206,35.2802547314875,35.0102066610502,35.4490582705727,35.2702068280834,35.9824745623443,36.8491061988863,35.5483075105953,36.2477852189906,36.4002130865121,35.8543261092153,35.9284124800734,35.050789891176,34.6436313312302,33.0869156835858,32.0034088013992,31.4401131072965,30.0710754954635,28.9266026902013,28.5389980819341,27.7414832558936,27.5377706569184,28.4982918282183,29.406389177257,28.9931552138523,28.9050683318126,29.6730944226644,29.0526625317898,29.2777524465379,28.6134879218719,30.9218790151817,30.4768292124911,29.6905500229253,31.2226027423949,30.7212317901353,31.3771523765526,30.7473011687017,30.666262608841,31.1143208145019,30.4496846227383,30.7942627917678,30.8695741135992,31.8008547088573,30.8773335705346,29.6175712756284,29.9181798744502,31.0541949829061,32.3794628222545,31.7464484193397,32.4471497744363,32.5914185034113,31.6357057873498,31.7407703900793,31.2082183094181,30.9268475954806,29.8410060417217,29.2145075950469,29.9944856934159,29.7242380580329,29.9564317511827,29.7019432698531,29.4702948441219,29.2469456135391,28.9606309496588,29.1075152281463,29.5796491189078,29.2733151604918,29.1248825587753,29.6196589472621,31.3982877492422,29.3849150478396,29.9756148654072,30.4714392245274,28.4081203883583,27.7986303794723,28.1591886227266,27.9811347121882,27.8947655665997,28.2529839169676,29.6667845851859,28.522530943203,28.2831557905507,28.0541218212617,28.223124151551,28.0090059781559,28.3897298448405,29.1375061271319,28.6570008682542,27.6808848468362,28.70972497342,28.8290854438946,30.1193611350448,29.6873736937953,29.4857943296757,29.4486404427724,28.2140898357919
39.0721298281435,38.0534207880288,36.2459481908943,35.9753016298658,34.9022206588517,34.8973349672689,33.8647395392534,32.7205067599201,31.834132022305,31.3440795328984,31.5347184283778,32.41125628656,32.0801730035731,30.9860138728929,30.6556315055283,31.1043591518553,31.9243534319708,32.0742555861794,31.0519114716719,31.4604373392904,32.3384646412626,33.3414880883225,35.0222207364973,36.5356760437912,35.7932951330193,34.0036977408852,32.6478695006807,33.8942710331019,32.8460280229924,32.8731791324752,33.2608023984978,33.8952576886556,34.3495618391589,34.6531957192029,34.9350327420831,34.7462983420555,34.0856744949291,34.1250442714799,34.8178790330616,34.2279964907108,34.0604760387378,33.9989772664551,32.2901163264205,31.8942131468127,31.7688877765047,31.5713025579642,31.3694845560959,28.8079775180362,27.2287307343403,26.9534209672849,26.1070621757741,26.1905491715516,27.1288754785485,28.1963413504222,28.1662471930697,27.1713620570488,26.1277032379133,26.29125726416,26.7018819867835,25.8383445877123,26.914635840182,26.6484151843202,26.1865346871142,25.9665454359454,26.6266658084444,27.4430605962285,27.8378974679997,26.265329376985,26.786993407202,28.6674528192278,29.5620681166147,29.5004238348361,29.9945105992357,29.6166234338371,31.2512374549552,31.5190173688723,31.0359051374354,31.3452684257416,30.7029426038063,29.8773773924088,30.626509019405,29.3029764368715,29.2408181339481,28.9117490556477,29.1677761366185,30.0180752048794,29.6081548373504,29.1303059297387,30.109211725243,29.1824012645699,28.687162724513,28.3834661583512,29.4108266160599,28.4243789752515,29.6085758857046,30.3510153289292,29.525747570292,27.9390951460211,28.7275663378078,28.8988780231353,28.987957735449,30.0973006504484,31.6294970635813,34.6405781707569,33.5252426407474,35.3395122153075,35.8692476763844,35.0008621175379,34.7831930793761,35.8058076972824,36.190974859026,36.117013596976,36.6090094607911,36.2474277448677,36.6891418577971,34.7378801746205,34.6663960594254,33.5990605383931,31.635762633605,31.3700455435963,31.7367309299874,31.6719519313243,28.8990168508531,28.2890449334083,27.8563649329065,27.9641668033856,27.2933855073696,27.3739779886418,28.6852397041357,28.4888382896017,28.057844918672,28.4228257523067,28.4501614261251,29.5826219147431,31.018147763375,30.8031017262092,30.8370217825581,30.9689616484828,31.3999593820119,32.9770798498797,32.1069325830464,31.6074962687358,30.3139851200242,30.7601764001061,30.7739435369908,29.8667064060125,30.481679317098,30.8813577079728,29.8244128440462,29.4913242286907,30.8021105292185,31.2669611925481,30.8374834575414,31.449192626537,30.974898605797,31.2796024658851,30.2898194076489,30.6047560543608,28.6049807977339,29.3416567054178,30.9931148366259,31.0628240725098,30.9798993334347,30.4173923307507,30.8473001387182,30.4483008180831,29.803947032214,29.5673881168004,29.0857146048641,30.2990840621297,29.5018070883016,28.4570030276354,28.9478549299919,30.0665184838983,30.0766941396856,27.804190435646,28.4281622728609,28.0046009582333,27.8077664680552,28.3886047069618,28.7644091574101,27.6256124195855,28.5936062343457,28.5471974802256,27.5169437350167,28.4437559071176,27.2170052881844,26.7309310772231,27.1370736101552,27.6928014806018,27.2551860255499,27.9950076198194,28.0199585035167,28.4240111097188,29.3242053862201,29.7899146563864,28.7793697620421,28.0281190083187,27.9616217683636,29.182243532338
39.1864299578043,38.6299837585808,37.0574589894444,36.4234490901723,35.0899729609236,34.9802308660922,34.2024805494801,33.1294386988605,32.210268093727,33.0962812433652,32.6330459293886,32.2281284578537,31.7556011016059,30.8001007011411,30.6747877411015,31.2379712556715,31.5161970992204,31.9402266904252,30.645360140243,30.4505078935738,32.0795605261597,32.8773236179228,34.6913116863579,34.9860450775935,33.6073808762304,33.1575084272889,32.0458948479914,32.2631632245799,32.1960945753765,32.4267813253081,33.7467772406103,34.2549473641592,34.9388420742446,35.22719413742,33.9046393046004,34.4026853487473,33.5311399952236,33.8522806901334,34.6738781257849,35.0158646668772,34.406639591652,34.6288415782021,32.5547419747729,30.9249694648135,31.9350194942514,31.0771812348549,30.2622764023487,28.8313485755873,29.0466865397623,27.2239766831245,26.3402350697868,26.3002404678719,25.5907844999591,27.0373982827154,27.4968292381457,27.2256400852197,26.7115985198733,26.8267813026228,25.9362786608837,26.1891709689388,26.1760299531421,25.9647134609958,26.0533730636059,26.0218155615226,25.5825723216869,26.6805402572679,24.9849305400695,26.6860718776544,27.5894748125484,28.4119521947524,29.461494600239,30.2139693520646,30.9309903207111,30.0898930192524,30.8564927550661,30.1781558477462,30.8840125201894,32.0434237934117,29.9847821976226,30.3912903091325,29.8586907885464,29.0643237978504,28.9760267078878,27.4687237042643,27.7945282156722,30.0503488871409,29.9601639457331,29.3725944929676,28.1302150408185,28.071839460708,29.7475380055355,28.5317170848818,28.256397792788,29.1716755766697,31.1865261751162,29.9763922659133,30.1180982020839,30.1103099750145,28.9151441889072,29.055489388204,29.6169528043643,29.5129990436651,31.9255707720253,35.1285605673778,35.3901341905906,34.906361984418,34.8452890778034,34.7904009597754,35.3044502590296,36.0965793650485,37.4398805773807,38.0392764252189,36.994262618041,36.1748450874004,35.2422310243342,34.3538067337314,34.3703487085171,33.1473433654007,31.3373025567777,30.5820487391443,32.72768702645,31.2220598127123,29.6190702764435,29.2553425271978,28.0602034989903,28.1888228487774,28.3873123006653,27.3211082555006,28.0104884732264,27.861014345543,27.686481231812,27.4974582767412,29.1708523453892,28.9384105899948,29.9355997304203,29.4830095805158,31.2222676171299,30.7734814550833,31.7981585844807,32.1003648486057,32.3287353285736,31.3998214356796,29.4249465450666,29.8815267083703,30.5379182723265,31.0353704509014,29.9437615701339,29.4453466991271,30.2118054030175,29.1129401382624,30.1068711354964,30.9643726851104,30.3348636372955,30.8562309654141,30.7616847860171,30.1513578382501,29.5880072970092,29.0537559304241,28.6183458927463,29.5276940621479,29.0503005683507,31.0761909039396,30.9320167183521,30.8488186723377,31.1126747108748,30.8499060488617,30.4331507026346,29.6218331164431,29.56094666869,29.4832027617452,30.0658050843111,29.5478718294926,29.3136739725097,30.5346248088876,29.3672818315139,29.4385700178912,28.3900218325364,28.8462128582647,27.8222553779121,28.2448939105601,28.7970892838061,28.2266424971226,27.80062244332,28.6505468891562,29.5340262554742,28.7730506834329,27.5600729415237,26.3142521410226,26.1396109232372,27.1340233312403,28.6067967719732,29.1059198690657,28.2562468461903,28.1239807830115,27.5539603519969,28.2348487753503,27.8252354858452,27.0828564924989,28.5082999661626,28.7922536574093
40.6283482178115,38.1675137644605,37.759941172533,36.7228770089674,36.9271857020638,35.7961868144883,36.115481764211,34.2042338803845,32.686348410473,32.2794144011264,33.4575855698402,31.7916054890615,31.0067904333292,32.2559806534437,32.3389233552977,31.3123447372092,32.0329981806697,31.6494883437943,30.8813857560703,30.9612896337425,32.3012385356211,33.0277792508625,32.6078005796926,33.1565967095656,33.6872911881531,31.9859239517402,31.4481296748651,31.7960364594277,32.9860418798705,33.5039188494669,34.2245154907337,34.7742898438509,35.6340042421298,35.2371283411361,34.3857633323756,33.9995805053312,32.6670299032936,33.7859613585531,34.395988354173,34.8759972354041,35.0492869654266,34.1804791417299,33.2018110934609,30.7930323077625,30.6302137720353,31.119745978718,31.1637226475327,29.5151353904015,29.6391529852898,29.2065536368507,27.962590113693,27.3447387374282,26.9215462662811,26.3564258167377,26.7602470659413,27.4216477008989,27.5184017998138,27.353632841144,25.5451029390422,26.0878878093788,25.5220475849951,25.6167135177191,26.2415979543369,26.2331737576656,25.1005247404373,25.3171249358556,24.601040731611,27.4213661407574,28.1292036009665,28.808560096587,30.1788390712911,31.2536756779446,29.4253836972921,28.7244340448635,30.5105461756604,29.6287809977762,30.1810507282788,30.8429781042457,30.7006395247549,30.7714998086767,29.8308714330278,29.1773164316899,28.4364976189239,29.436077611057,29.3871881084424,30.0846591547114,30.0142910882226,29.4798140983536,28.1460965892895,28.3269704910627,28.1012816130351,28.7323984993918,29.1815580379868,29.2505309843953,30.7954357939719,30.1895065245568,30.3171768551698,29.7982455976761,29.198266793615,28.2105811095153,29.0750969615264,31.3076662231036,32.0547166686971,34.0052779608223,34.8708385817981,35.2416559262182,35.0112238408159,35.1196803633992,35.7933619863599,35.9450011929361,37.5340494980525,37.6582928942668,37.413270326999,36.4715529366672,36.2446737409735,34.9806484281893,33.9040644071696,31.983468631753,31.0279109797931,30.5452758201836,31.6004346595938,29.951448926138,30.7080218560519,29.4918755716485,27.5637434401164,27.1788990722914,27.6732463571282,27.7737514880585,28.3583323448448,29.5344619576938,29.5040500353473,29.0664489060759,29.4125357210433,29.5019855634945,30.1816671492323,31.0543438703758,32.1378020554292,32.386185616637,32.2079658888631,31.1559669968517,31.1184989774266,29.7824033469086,29.4998164727865,29.5310848340031,29.8400086237216,30.8733572333065,30.7213252985551,29.4268009409844,30.6248925480758,30.8960426700608,30.3780910676773,29.4475394147162,29.6961093884295,29.1961891890701,31.0461207904208,30.1284466257808,30.2566614861887,29.563328032298,29.0042051198166,29.8367248948128,30.5706567272347,29.9599578177396,29.2987522353009,31.1019345105824,30.5453604242404,31.1368551417387,31.7348686591549,30.5802423792848,29.7265895726508,29.6961839069888,30.5509692925188,28.9356778933883,29.1492571874196,29.9369448408817,30.3796291497977,30.2008135652653,29.6031859798781,29.6866938933251,28.2711630397024,28.1585781717777,28.5141120751707,28.2250435205208,29.2709134171412,29.5930916221696,28.9828599995709,27.6717296840374,27.2596268164585,26.7125442701025,26.7289025021495,26.7586029672198,27.1038112969906,28.3488044180528,28.0295736521411,27.6877196594726,27.5139340266917,26.6969383836354,26.6251578626404,26.8476195885328,27.7789429298353,27.0018997887295
39.2787896954578,38.8435703460827,36.5151551008685,35.9696394862884,36.8243416230311,37.7076434450988,35.2388896524962,34.695903257663,34.3694771047793,34.1123803965357,34.4432452621084,32.8298302222065,32.9770652499093,32.2621463578142,32.8202216074909,31.5366503496528,31.4528078736878,31.0245561027902,31.8333334826404,30.8294756883491,31.8653564227814,31.7672539066108,32.2789351341984,32.3936200260317,32.994027240429,32.4080334636576,31.5578395384458,32.7495416731979,32.8610013047248,33.3694028553985,35.1145622262484,36.1224708476642,35.8005202872078,34.2270852266804,35.1698699829331,35.3686708163937,34.2241807098306,33.9893953434725,35.5240865050281,35.4375739326792,34.6526230197286,35.5213242680051,33.1023384137388,32.790698375975,31.2042783117304,31.3931956439006,31.0237161242575,30.3423686812891,29.5231637271491,30.6259469028734,30.4574346829183,28.4237221964232,26.8800436823165,26.7950117348062,27.0855751697168,26.7401363610485,27.0886737034433,27.2985590750479,25.8422456306878,25.1998676361145,25.4725232076094,26.3112773795605,26.3850396212268,26.6842535937371,26.2379669947512,25.7080802434974,25.4204130440367,26.8446942213536,29.0163871618926,29.2300523720881,29.955608052195,29.8946950764232,29.0363728948355,28.8809205954144,29.6427249920695,29.2192393335476,29.7113378637631,30.8369308664704,31.2311393758335,29.6257001819404,29.4137441463775,29.5104849541777,29.3785397138327,29.9219416850483,31.015727952713,30.8016229972777,30.4817560203227,29.5392544175365,29.3826105530348,29.1649680957895,29.6417437469895,30.8860059882728,31.2004185350637,30.882015554505,30.7162000062236,31.5665345234294,31.1217148341714,30.8944553504886,30.1466876302701,30.2320113441341,29.6189872889348,30.6586537883098,32.6335353159764,32.7929453359943,33.5044854415104,35.4968150939017,35.3301971379447,35.8128627677135,36.0392284274085,35.8537419417576,35.3151339052463,36.8045030069085,36.0536739243215,35.9630052219263,35.5423322528793,35.2650544625912,33.7014004295229,32.8265117115914,31.1140359058733,30.0203786362049,29.8730199951782,30.6263162841452,29.9752923347618,29.4538859706971,28.5092247904162,27.0137864104404,27.3144077435268,28.0822883517263,29.7893807273071,30.1562311580437,30.8050537027343,30.0752239510324,30.106377981667,30.0905159631096,30.3056702886181,30.2208068507937,31.2016627306871,31.7554397561187,32.0789942896519,32.4487681774026,30.5593085799017,30.3281187740229,30.5346197701839,31.6155952001107,29.5346898762538,30.5756455759071,29.4562496287379,30.1952943734159,30.5773041735862,30.3315172048945,29.9680752354256,28.6675804496979,29.669157351443,28.8908907612703,30.8148818576096,28.0687249639554,30.6455123148299,29.6669467875481,29.0657853885246,30.4024312735256,30.6025590957382,29.9238079290843,29.2620744201245,29.1287712143379,30.1659803281039,30.6698313195145,30.8785409023459,30.4466096407197,30.5801032211875,29.9863611015361,29.3604664228808,28.9958159671703,29.3401001579839,29.4940898759093,30.2940758071841,29.0177424082437,29.4007844434896,28.7688800459682,28.4605713037917,29.1981012339611,28.1662267623378,28.3496930657233,27.4917066917568,28.3821973904419,27.77267692497,27.0323619694293,27.9699487391814,26.6606028045494,26.095216632693,26.3681018610191,26.034403682462,26.8826452483462,25.9127101023442,26.8642363133667,26.5309643930701,26.785386379673,26.3664604390421,25.3045752844145,26.9133921905523,26.2962599561076
40.3010611858616,38.7616428283764,38.2210945767926,37.1325471524844,37.0467718169648,36.944745108564,34.8618065192362,35.9000948870008,35.0022218624929,34.6514286594455,34.5860707421716,34.0252618066017,33.2957127547425,33.0065963978926,32.5451517503884,30.6997129916928,30.9898655222166,31.7170121872926,31.114488606742,30.2889426367235,30.66841886567,32.1330102037136,31.9176780921437,32.0863354167868,32.7114721068709,31.0617626458771,31.5620544586796,33.0924247242407,34.010420112942,34.2732669854707,35.7143164044705,36.4857240867561,35.6114768004786,35.3873704691252,35.189858721834,34.3939666798445,35.2988099346688,34.2685639471668,34.6661339027088,33.9394346762363,34.7478913159751,34.7102947899244,33.7158925484249,32.344338769998,32.1115172246456,32.7117584075956,31.9877580005353,31.1533258382309,30.9619197468613,31.3321433403925,30.3463865193262,29.6158717196291,27.9612913196858,27.8677914207189,27.7458418887057,27.5078051990186,25.952442274855,26.7729152544066,26.4067601443733,25.1001638207554,25.3404280329588,26.1643871366037,26.8879132268123,27.9914014807704,27.039944240835,27.3019571476527,26.3419280902164,26.0012527527401,26.4660119064409,27.9717517677218,28.4453922835717,29.1909617729783,29.2504872311363,28.5899377871501,29.2317184183632,29.7363916874009,29.8658454695803,29.5699527841115,29.6004302673509,29.5173523622337,29.0821180732454,28.6867163087615,30.4937617248776,31.5596542738523,29.6710120153136,30.5936241517044,29.5967043692435,29.4184467775752,29.2894355234241,30.183834083367,31.6047248846445,31.4028524780425,31.299659418714,31.3635313184225,30.1071522695137,30.4146792597917,30.8066947546689,30.4231880999879,30.2477668888863,30.1771668626637,29.6141395762047,31.3384036972147,32.3072040913784,33.1690252902397,33.1884290882746,33.80891888648,33.8942329356895,35.4945941433568,34.5457839925625,34.222432435191,34.3421656118159,35.6566987645725,36.2573279873615,36.0769938744721,35.1758571776863,35.2413755742585,34.6188696320842,32.6728285652374,32.3960986469252,31.8331866855424,30.0576721288141,30.600894232229,30.0303756035815,29.9109266663016,28.8944510195198,27.1529620247395,28.2017625628243,28.9280424190328,30.7426359312404,31.063893549612,31.1240928122427,30.4444164081666,30.543412966256,30.3317510887704,30.5606871527766,31.3438653256223,31.2456872709173,32.4292749340345,32.6002512328439,32.1811715502799,30.9402493702519,29.9989813705753,30.6403201714987,30.3772239234002,29.892804882329,29.7969118659024,28.7949573617867,28.4384053966826,29.5617130364845,30.0909392852142,29.1898504684422,29.3366865458533,29.2862241318202,29.5488072746694,28.9694723962023,29.2931901574793,29.3840371759029,29.3739918738215,29.7096975055202,30.448286701962,29.5888444631593,29.5495265463075,28.632786268765,28.7813837837276,29.9539919725576,30.5301228487334,29.3948736588245,28.9652857877185,29.6851916852549,28.7401081899452,28.8456402049808,27.9379307077205,27.4746001052115,28.0863127331095,28.3707625182835,28.46695333289,29.0647277894029,28.6022181803176,28.6256589408606,28.4296652369141,28.7733967390329,27.5744032303533,27.4086300795836,27.4146330904714,27.0688820518367,27.1780617489143,27.0431457942127,26.7942340153209,25.8995708454751,25.9375524160651,25.9014163777625,25.5675736542328,26.2059168276481,26.2626575868812,25.93024609542,26.3277891285171,25.6928964275311,25.8178744905454,26.1227302981683,26.6932331583524
38.7906398505337,38.4402655676167,37.3369001025563,37.5452738705225,36.381838017352,36.7606543813551,36.2018270362608,36.2426890657705,35.1659446756986,35.7087171842825,33.9620462997022,33.1957817758946,33.6985336423315,32.6677175766541,31.675972375527,30.4643591951395,31.981511689427,31.276958301719,30.3808856152324,30.1859389769653,31.7319526671356,31.7759866595978,32.3437282009512,31.9509666769477,31.8715496805224,31.6144521921536,31.3937599752262,33.1940384415312,34.162877941101,34.1921508213049,36.0463712914718,35.971168012472,35.855105759872,35.0103633372147,34.7381300400934,34.9679894914889,35.1006830835723,35.1542213510439,34.3146888298278,36.1372628657165,34.9597762173585,34.6005529336075,32.9053915609576,32.5056218378942,32.2128402320865,32.732438336739,31.8578191786391,31.1251333796983,31.0803233324314,30.873943072291,30.7699545701743,29.6070033729398,29.0441011984894,28.7239689943653,27.4317063299432,27.1407772268752,26.7543909113059,26.752336480407,25.0940919538129,26.0851265262331,26.6193433147889,27.2409343496912,27.0405185181852,27.30041964471,28.7527268653932,28.1915997071405,26.5154303423917,25.3568343259888,25.7962199613644,26.4980031233452,26.3675502986534,27.4905055355845,27.2819060011356,28.1152510486077,28.8685761257319,29.7562724410475,29.6397661578503,29.9695347078713,28.0167156161546,28.4589553744349,27.2107269735308,28.3143990780752,30.7273614525626,30.0930456319234,30.1785735623448,30.1079986072592,29.5970517764105,30.0006673439548,29.3286594941416,29.9929425202161,29.6254656720872,30.7788481794467,30.7753775514041,30.6792551524966,30.8194895166092,31.1014797456346,30.7926719972523,29.5473083368961,31.151062503011,31.2467407342994,31.7910692625735,31.2554995582403,31.3367694541883,32.4320050747035,32.5872913871509,32.5462566049303,32.4701895229539,34.3973396762547,34.0452681086671,34.0886959232148,34.4087913993167,34.7569260634897,35.935532729531,35.5835009834506,35.0355068415892,34.3393959583791,34.082627923786,33.394875701639,31.987239546387,31.7421101693435,31.4884393600068,30.4614289327983,30.6377225515774,29.6740858938483,29.0602132104391,27.7094309470608,28.9459583243595,29.646710260764,29.9343667506243,30.0907550335173,30.2822266011137,31.9320318620449,32.1540887184269,30.8870107013966,31.2701520932414,30.8030960865671,31.2191248893075,32.9454657791656,33.3642869789842,31.6990854813528,31.8996771121187,31.223685131552,30.910048856258,30.1505489675208,29.2827778267028,29.0607703741426,29.2219774849656,27.7469627632088,29.6989423625647,29.7735192612162,29.9488814842018,28.3146084869381,29.0131697726359,29.7683295647672,28.8566754858724,29.9229946105524,30.6154924420681,29.5161716905422,29.0565239030233,29.4404651618958,30.4200665211581,30.0527530241365,29.7745969331181,30.2172637751274,29.8985433621289,29.4444869431501,29.1402085563413,28.5887867940688,29.0411722505206,27.8217743421074,27.4667302767881,28.1318713461608,27.7515986968932,27.8466189134892,28.6004204565646,29.3520362652544,27.6818312823581,28.2323414586729,28.0446600756259,28.9274898756302,29.4726043244685,27.9281315944699,27.6671700467624,27.2573551007787,26.3765525441955,26.6293457124842,25.853231826454,25.7713691860756,24.8423130093055,25.8567292754011,25.0752363953968,23.568129103426,24.4439218254231,25.2718130208706,23.4721120931876,24.6229616030888,24.999214122599,26.0509073874642,26.6644804705152,26.8041600024464
39.706944866587,38.9457637167731,36.7106175649327,37.6266364881438,36.1625293735187,36.2580801035616,36.3912230152403,36.1106892268915,37.0638754252469,36.0751522603767,35.144985423296,34.7347060963668,33.8590807318493,34.3634906114957,32.632427364071,31.549782464507,31.5891124633007,32.3222513736199,31.5658791862422,31.4192000457881,31.8877014347554,31.6929508356864,33.3930895097136,31.4598588593709,31.8428248762208,30.379630564094,31.7970038579595,31.939076776586,33.8483504020157,34.6050451939523,35.1950709782345,34.4016579032231,35.7585404914435,35.7219601767482,35.0038608493167,35.8682258309928,36.4582335127902,34.9632738522229,36.3727608365872,35.3820871956196,35.2528731367012,35.4606196860947,33.6286586218918,32.6769077891428,32.2542479270606,31.2816649921017,31.2834018481627,30.5349855098736,29.8335907778711,30.4821551917109,30.3520629716653,29.7140406192549,29.876423551731,30.0112467122105,29.0019993118865,27.564343969226,25.1532318070323,25.2948305564364,25.159902130835,26.4248380104177,27.4385553215745,27.6724816509478,28.3450486561466,29.6512063786701,29.1876273967542,27.9477750732636,25.8270797181477,25.9390201244149,25.9689603516121,25.3524318182882,26.4142462456891,26.3372342512093,26.7879850058675,28.3930749213783,29.5107356181561,30.410518793371,30.7192437817485,28.8421912070215,28.080097759996,27.5572031635006,28.4489753457175,29.4145585007945,30.0614486735822,29.6579842702071,30.4560943740108,31.0776945524093,31.1638165160369,30.5320400373452,28.8385869337196,29.2642492839721,29.4022416745073,29.8534048393296,31.182281102864,32.505533393517,32.5930851455301,31.8318493519327,31.6500404459598,31.0468634448117,31.4194163314588,30.319906494408,30.7425127571588,31.2100348262274,31.6803921134408,33.2035575213853,33.0936872634412,33.1673057829902,34.2311062038316,33.4780048414777,34.471259978652,34.0017899432126,33.1895280397223,34.1642249892506,35.8125873308725,36.3958749448191,35.5593109927373,34.177610430079,34.6441646376954,33.7463924266535,33.1252490884669,31.6638784567829,31.9055306441503,30.9419691567779,29.5761380795654,28.2957721925658,27.6898187822524,28.1319825672136,29.1802107804682,29.7456116364192,29.3243610778727,30.0183562320494,31.0332959612345,31.2030657663061,31.9946321431742,31.2395553294834,30.8017186335637,31.0471904528308,30.9760055057421,31.9074381887591,31.5241851433767,31.751814123772,30.4836953859815,30.0605519289412,29.5016407160666,29.165174625575,28.802372048641,28.1875819565975,29.7976388353552,28.5298743600066,28.8902597283756,30.8078534067012,30.7768797958553,30.1759230271962,29.33109800466,30.1653748324845,29.7001767338551,29.6840740083239,30.1959993072165,28.5362070115157,29.6138908797318,29.2620029996848,30.0093060823987,30.1813783865969,28.6398740338891,30.1288118425362,29.9850715631352,30.6793772785996,28.6944822478447,27.9330783114401,27.2493339973944,26.6300002586578,27.2364611607317,27.703189465916,26.2831656142242,27.304427681729,28.2067804032782,28.2910014455368,27.3993927888781,26.4038856308325,27.3348376514775,27.847490550047,26.9604159749335,28.1719475776033,28.1664881281894,28.3542880881058,27.1472891763473,24.1431831969099,24.8359197335966,24.7860245036172,23.5476794261956,24.1882555126224,24.5601428308313,24.0073179876995,24.5788449766906,24.0965458874448,24.8644920623594,23.7327900115264,24.8329059512364,26.2905689881633,25.6720391012445,25.8447256464058
40.4450141546577,38.9048648136092,37.1775357814431,34.8099641275742,36.053601271136,37.1049710788039,36.7215757315284,36.6863707305064,37.4977484914751,37.2860775198967,35.7252672600945,35.2464024116991,35.7359884865797,34.6950568220205,33.6461853829108,31.895175691081,31.7720183468555,32.7439207133777,32.7622477031285,31.5640313093096,31.0061914630325,30.9973624618562,30.6527248692315,30.8240435776858,32.2615215211802,31.4529770473484,32.0723163758966,31.6558201464988,33.7417866548477,34.368426089769,34.5865007944311,33.8312661958028,35.2697059338384,35.4011534741025,36.3099954716777,35.35146423654,35.4064419356752,34.8608472280403,35.3967008554484,35.7561434712757,34.7957616428584,34.2239510481788,33.099393811393,31.820897807134,32.0657762618963,30.645340379274,30.669639855584,30.4913836861043,30.8639860209919,30.9285095617549,29.4771918277974,29.816912136845,28.6798175289315,28.6030817022802,28.5377012421875,26.89307130282,25.6160024919531,25.0504114021344,25.7205276743761,26.226138826853,27.7026010928435,28.1757114839864,28.3225431355124,28.2703225209853,28.4981958211883,26.7605002977211,25.9926737077081,25.7375139467694,26.3291351450136,25.9891087573868,25.8350469295588,26.7621917560822,27.4809777257273,28.9730679158754,30.4179610965074,29.9164216556265,30.8185397435036,29.3854149855992,28.3379448429322,28.0292748760859,27.9867458160401,29.1498960878867,29.8709693913081,29.1525679314831,30.2408725576726,29.6876532907385,30.745730341225,30.3991448877182,29.5167337510998,29.2493347557167,30.2519018139339,31.2566129976639,32.7352719732534,33.0592346544526,32.4227932828544,33.3841739804815,32.2651424180853,32.5601258851223,31.3757553130585,30.9820024793662,31.2219119610797,32.5377341858586,32.279532161755,32.8776036129532,32.6842982490156,33.3251307201171,33.8329657971126,33.3400114872834,34.0645485832345,33.8586723280365,34.5518348420649,35.9825756270543,36.6562659234916,35.8650292865011,35.7603416501358,34.8606716128929,35.8563359099011,35.2225033505092,34.4225284645776,31.8653986756342,32.3072262812692,31.1094479246515,29.5547539469245,27.5207792941934,28.3771369749407,28.350973384669,28.4831485810444,28.7310035497839,28.5250024314078,28.3688267773712,29.6904839507336,30.1331075621826,30.2673607157139,30.3349022983445,31.4171091379263,30.8846008493196,31.4031360655266,31.7484808067548,31.2365069484681,30.1997833580441,28.2213909712367,28.8327184877809,28.5150461384073,27.7950398294281,28.135865719191,28.7160144483021,29.8204016306451,28.8523771483097,30.0185823158545,30.5976518247635,31.0211668715248,29.2858660999137,29.8727042336578,29.7076168135055,30.5895376539586,31.1050129826354,30.0525708222734,28.6527564627944,28.7444692869179,27.910322873103,28.4710879726773,28.5688122058703,30.1960541370677,30.6421093963371,29.8264189734628,29.4075854626825,29.5955991838441,29.310973070561,28.1915177052758,27.3921155321056,26.1778178247593,26.3344572423359,26.6440645972226,26.9717914603917,27.3968653153165,27.2504587763049,27.12289231159,25.7715242747856,26.4780929871852,27.2093809845591,26.3312634963446,27.0044519899684,27.1084492992977,26.9592695374934,26.7754049078933,24.7910330470979,24.0099333931414,22.5627788104722,22.682090456444,21.8709853389876,21.8925729476352,22.4055860755013,22.8874626989223,22.6015957526239,23.5106459669108,24.5766206636864,25.6946591136118,25.6640217463379,26.0000575904887,25.8499384275988
41.4576770061262,41.2358067523884,38.6373090856037,37.4194472870526,37.1680373655669,36.0767728764811,36.4213620938142,37.8989982054365,38.6624575749262,37.5797072374369,37.9117620824686,37.4006611620682,35.9115552116773,35.4378039612985,34.2182973044683,33.7242873561822,32.1324513945146,33.4313717331358,32.5741737005927,31.2398491416606,31.2350281002402,31.6588100972176,31.8788459754741,31.2980022143603,31.7396423678133,32.0628491620942,32.498088273907,33.3243901739464,33.3028482400485,34.2368008276872,34.1483493082274,34.5139110591582,34.8629478054575,35.6641428457167,36.7856581966422,36.5419912790031,35.195679604675,35.0284028913647,34.5429930055123,34.1661950234243,33.6518033545435,33.8393879617021,33.1169502037513,32.4979090087831,32.2869951649811,29.945022452909,30.0904732470808,29.9804719644575,31.6282661930699,31.0889605408645,30.1572726336895,30.2003110469129,28.3738690957989,27.2849981144144,27.1571298266808,26.603451582499,25.4161939252473,25.6703846029318,25.6648088500744,25.9254997266928,27.471798386214,28.5895973623864,28.8048117357653,30.1022285678295,29.0979423138398,26.3602596666741,25.831713922272,26.8960639239285,26.8363585165795,26.4756211784736,25.916949175837,26.9767002795996,28.6946706122414,28.4608943839328,29.6917940172802,29.5776393226381,29.7440494252615,29.1256184646119,27.7488603589264,27.7752961937397,28.622031819758,29.3273350870906,29.9606033133568,30.189739780002,29.7056508419602,30.5508037619955,31.0173873114518,29.8456111357524,29.1375781540792,30.7488117526596,29.9979985619663,32.2155018108718,32.2182082852124,31.987665168397,33.174287282105,33.8527377317773,33.3346564068519,33.9086229355305,32.8396737130005,32.4555856996588,32.4149275660093,32.9392754363859,32.5202360416307,32.4867078127142,32.4577846383415,33.2597100341751,34.1277637305394,33.5114148975676,34.4698885512021,34.0547318955457,34.4454469001681,35.9074288430049,36.7740878779629,36.2263448289797,34.2010923896985,33.9847348405725,34.5761474378896,33.774102270811,33.9824082750937,30.9764919914795,32.6470242366467,30.3093032817392,29.4421280547434,27.3589545521739,27.5827565444567,29.5541517127159,29.4565316577814,27.4441248233665,26.7087243268384,28.1489491369021,29.4380853199923,28.9721222770731,28.7541258746015,29.8340168117538,30.8653538322649,31.1983594592993,30.9001862565553,30.9643010921358,29.882704631418,28.5687745384494,27.04060220849,27.1844931739588,26.8335658711492,27.1304698151432,27.0140281843686,27.9322417600346,28.2401847706581,28.718421810233,29.638054081341,29.9745543957547,29.8479971096899,29.7903379213602,29.4153824034556,30.6860707130507,31.7280979734193,30.6051958717307,30.6244602180019,29.1658418690966,28.3610245136196,28.1086593764435,27.9216305066841,27.5415465160965,29.8504270635113,29.9206192622645,29.5199911947482,29.5842521492034,30.1095066473226,29.2476307272301,28.1322911488477,27.9612444349187,27.5830776539936,27.0468845287393,27.4638402756968,26.3714184729761,27.1525681730088,26.6046413435302,25.9457638617987,25.5128648460224,25.5442881727263,26.0049839331357,25.5335206130378,26.0661265128971,25.1594529242258,26.5362666943635,25.8835968092146,25.4175088744546,24.498667224853,23.245853294635,21.6561219945263,21.1431043591425,20.4350597473461,20.9788715683111,22.0221715481991,21.9573642696657,23.6971025218659,24.4674994197644,24.0921696355463,25.0362022970965,24.7767671757129,25.2847622996572
40.0388007744405,41.0234847519846,38.7122832594828,38.6544956673481,37.439668257456,37.02134211111,36.3439666045632,36.7905423055859,37.0422047272672,36.8633721995533,36.3443814368828,37.808611935445,37.317106868364,36.948165019978,34.9545362761286,34.7958704272178,33.4713172404592,32.915378756615,32.0633887999138,31.3300367382325,30.5226914310274,31.1854336556303,31.275909686287,31.8785775233249,32.6340597525179,33.0412974554145,33.9237139168246,34.2595698609411,34.55980682143,34.394043809441,34.1674003291719,34.2990915596318,34.342145927452,35.9735196295541,36.5454229108122,36.2306905623182,36.4601125273142,35.2643733448893,33.6111521074576,33.0158509488186,33.4848381657354,33.3332752978058,33.1741361058629,31.7487313370292,32.2348262759973,31.6303780094008,31.3173612286182,30.5501186706009,31.7017806342554,31.4873332587191,30.7125243927749,30.4557425687353,29.5144835120498,27.2380538002433,26.6732992699125,26.3321371478943,25.9743017963089,26.1227846096359,25.7669130534679,27.0362520415967,27.3082926818605,29.2484775804076,30.3711769607883,29.2881277064196,27.9761754290385,26.6475514208211,27.1619417288636,27.6975356327937,28.1516117257239,28.0136168706173,26.4993024414847,26.6647404149091,27.2004036700016,28.7137745620192,28.7596575848362,28.5520303890413,29.1802849470615,28.8679993053806,28.1040079139163,29.0387250834536,28.4650073797317,29.115173867145,28.70324888008,29.8393542349199,29.8041994784212,30.9595786763413,30.3730810890957,29.3836629181648,29.6685149908748,29.6119053145948,31.1278661448415,31.6221133436142,31.7556509683685,32.3684739832307,33.9041968254488,33.7131741443059,32.7140163982865,32.7542435409661,32.5848054220681,33.1472084862006,34.1173621000833,34.49549716503,33.2017889012924,33.3263123636583,33.3597145598661,34.3696911405566,33.4863699242533,33.878941508926,34.3494897090467,33.7339815038321,33.1931861570649,34.8177710716953,36.0044000005517,35.8395232921328,33.5695410114276,34.3528346186869,34.977003911885,34.433079765701,33.7482794804802,33.3301157280946,32.0908815228493,29.3313951018579,28.0547857890701,27.2280272385996,28.8005923246689,29.4736672968702,28.3178384712961,27.1051991633514,26.3482665177456,26.8465208286377,29.2565286665234,28.5927239823506,28.6912502682117,29.1570068072721,28.7232062632035,29.6896607414976,30.0409303864179,28.6942714518034,27.2337815619646,26.548431572865,26.0748906513948,25.406426206896,25.7370635566261,25.4340473647739,26.1425689243453,26.0864833487124,27.0211564555547,28.2316654258297,29.3288605500636,29.7122106831621,29.9808909622076,29.6204804201822,30.6670185424744,30.7816758269186,31.3091146285999,31.2783248216592,30.3074481519343,27.6296917999699,27.2938972535742,26.7980056370258,28.0616111228089,26.9859462106116,28.9274436726894,28.3049466083974,28.7246054769346,29.9309306637152,29.6478112982953,29.4131932305291,29.381814486409,28.7403531187726,28.6635232075613,27.4135928067722,26.4090216910145,26.7118370882352,26.2813142214671,26.4955043309275,25.718822199136,25.2716137150855,25.3465581594179,25.5774011980172,25.2283909849393,24.3517816906616,25.1284486323118,25.4968598885478,24.7424261501112,24.8779422662685,23.3875224742533,22.1455899659608,21.5499016063354,21.1843854397509,21.3656991183812,21.5809154252646,21.7298711683921,22.3919113323516,23.3950508701117,23.7688628836386,23.0522398612326,24.1476266321564,24.1118818907466,24.6651908903311
39.2981376875855,38.8277175817142,38.0464033353828,38.2655095017359,37.2314310941157,36.8415204560593,37.3359961588944,37.1584716099932,36.4860482633012,35.5828304601719,36.3124539774801,37.1509655547582,37.4452280744338,35.3480797212674,33.8590477730612,34.0157184657875,33.8351151387716,32.2808957231736,31.5605316124386,30.7579624943889,31.0444131397206,30.8273047828522,31.2322785850428,33.1116121110591,33.1113978943928,33.4351104089101,34.8474926825777,35.0509669474506,34.1652871080373,34.5993020754267,35.6038668515644,35.1544966086002,35.0005323322297,35.73302988776,36.3077605134492,36.4219446990138,36.4540034995879,36.1779903887689,33.7119513547802,32.704743973012,32.6226536996812,33.7623193110367,32.6324039661388,32.4767691963593,32.8867699830304,31.4611385714422,30.5673171149839,30.2782994652326,30.2724371046626,29.8447565937443,30.6924746511496,30.6404943018697,28.4897481024606,27.2425906032319,26.1561179233696,26.1065793860162,25.3257235234675,25.063232280238,25.9623471887585,26.5544929796834,28.272166787819,29.1687778506224,30.4508236019735,30.3455461120284,28.284143411377,28.0200289200797,27.1668605617419,28.5619826274318,28.4744139990795,27.5228711083965,26.9874243610284,27.1971864805922,27.4020623896321,27.4405181973205,28.5535707710124,28.0528070236808,27.8980999312769,29.2409248347091,28.1115487182967,29.2579738458037,29.1838222368941,29.3978538751928,30.1707083137245,29.9886390544157,30.4765566212742,29.4070077939369,29.9492524263064,30.2925839943591,29.7793509778101,30.2536155633697,29.7723669796303,31.6664620186438,31.6866328969902,31.8818731498411,33.5908137580208,33.1475246417018,32.7180993225157,32.5179405347649,32.2609444151473,32.4238085603141,32.5999752649409,33.3520033256076,32.008945898535,32.9658454601369,32.6873891743014,33.5505955413797,33.9666554733166,33.7129402934237,33.0752728709294,33.4858626458634,32.4945625691526,34.5800807201203,35.4108386119969,34.8507199961327,33.9716276494603,34.1123287494824,33.8427352218768,33.7193817781401,33.2160592335358,32.9945898270544,31.2731485939167,30.2199735631385,28.3644485050789,28.5425291076368,28.1207316285681,28.3545984472931,27.599109408911,26.898673274871,26.0140180468639,26.3303031310165,27.4298885777937,28.046224234281,28.6746723360868,28.7419148889532,28.7650903124171,28.456653596919,29.2999197031476,27.7183811569075,25.7124114702673,25.0376797866954,24.6891497033689,25.4958949600159,24.9463375165189,25.5824990009482,26.0516690826211,25.7985646797473,26.1319409840905,27.4515006178497,28.2589031554281,28.5068321666274,28.3494346382461,28.454120712262,29.436576676246,31.0443371404767,31.0523857290786,31.5665490482411,28.5083198182632,27.9015040621546,27.007172731461,28.0628684513366,27.2002021509642,26.653253948853,27.792139371618,28.7307699358953,29.3810355118498,28.5887112339098,29.5975982655447,28.3553842249893,28.6722613477331,27.8526368387683,28.9999132335555,29.2615313642308,27.6580841532898,27.5866214421004,27.1131316709665,26.339118931298,26.7560487698079,24.7139923408002,24.9473733672443,24.6222099694368,24.8473529230546,23.6521816394614,23.0755684994561,24.3881624724881,23.189783105905,22.0983191814947,21.9184656459827,21.5722907279613,20.6107655888171,20.4377159432687,21.0108774005851,21.7098620622034,21.3586326852434,23.6988025954964,23.3639350418814,23.8583499649102,22.6348470042265,22.0785482678167,22.649881967807,23.9483729631657
38.4457016090645,38.5684554297674,38.0385102526427,37.9374928736024,38.3178746550165,38.1211922897732,38.7208043326678,37.5749096608528,36.4157923491096,35.7942161741563,36.2083658848969,36.1764257336841,36.2000625062621,34.7396716800429,33.8832461393102,33.3084263865981,34.1099030939869,32.6732049293081,31.3464364469055,31.9383248661421,32.2318849662889,31.6349802421294,31.205577142944,32.0806091113476,33.7250711974657,34.7295882431431,35.2503186958969,35.4731658236264,34.514521720412,35.7139922247348,35.3956107158765,35.1610085575506,34.6027139874937,35.9089592183964,36.086880951331,36.6334856694109,36.8214426400687,36.0752135877252,33.0719597598538,32.6497442942521,33.5232658041163,33.1039684533202,33.9042444262712,32.937199895726,31.7382427253192,31.1459356405224,31.0085507204588,29.5719528163242,30.7150286394218,30.2964216313785,30.0136018278519,29.5961737834273,28.8050857701412,27.3746525298645,26.8924595378966,26.0810107177638,25.2891726223945,24.8733502264891,25.4663589343587,27.0513308549396,27.9633405116999,29.7026855109318,30.1806358369672,28.8048040870839,27.971014004398,28.0345573340744,27.5660826321663,28.2538367101594,26.8778764186091,27.2084988760678,25.6597215979086,25.6611341891059,26.8502600072555,27.0690301291578,27.8230786434432,27.4547850416385,28.2420133836227,30.2117656316249,30.4999265561733,30.767484570023,29.4905891093887,29.1548402042642,29.7849741106812,30.7296450025447,31.6031579012261,30.9206320688668,30.2597075525066,30.4898155736259,31.2517760644497,30.7947429639337,30.6849234827595,33.1948237224278,32.6044338025011,30.8873609666178,31.7079694730064,32.4592451567455,33.0622697142909,32.608013196213,31.4771964389901,32.3715699977078,32.5672762126589,32.0600503195862,33.0773673376228,32.8862246667791,32.2926600223362,33.9385810499121,34.3412574318104,33.7273490709509,32.3236362367829,31.9785247196844,32.74373574727,33.9371356195531,33.831738368277,33.3186624119619,32.9749575189094,33.2032019994372,33.1326759747676,32.2657693679204,32.0052581348066,31.4177767900655,31.2154087985882,31.3524501276138,29.1024034567787,29.3760355862552,28.2347599966554,28.1282946002019,28.1351156860948,26.6132689675571,25.7949851155745,25.3512299111544,26.1231306453805,27.5055860870483,27.1085697107565,27.0175154908674,26.6104146943914,26.7599547259658,26.6065663970775,25.9626012252884,24.6549882045676,24.2723090011274,25.0022117976243,25.0430429554187,24.232633370784,24.676137160821,24.6577797599398,26.7246780407317,26.0215703046201,27.844457720957,26.7530019518469,26.9147586888582,28.1870755105386,28.5149580683667,29.2953641538554,30.1578018261964,31.0739225556025,30.6197297370143,28.9261645703147,26.908270918891,26.5310721525979,28.2713630832676,26.834005093637,26.6502985743806,26.7015406519519,27.4622016044215,29.0025474221222,27.3808492339555,28.2507438234458,28.2646289817142,28.7732793825023,28.6800950935114,29.7542862134332,28.9685725961342,28.1227149543783,27.2389407008077,26.4601329078041,26.4542949945735,25.2788059582127,25.8894132178705,24.7859888871226,24.1804671727636,23.2086430199485,23.0324052975076,23.0162588776849,22.5276120096082,20.688105725698,21.638469816608,20.4572699682571,19.9877667093032,20.619244107325,19.7473539504878,20.3022423381827,19.9153411826292,21.0041393561025,22.3570330825591,22.0200249894955,21.998680902677,22.045635074843,22.2035866964397,22.1289642095833,22.6274188747498
38.4691874337105,37.1376626819468,39.1496155076815,39.4317944087995,38.2696581288825,39.1339408122385,38.7078660975989,38.2072754196875,38.5161576157696,37.2957233161071,35.8604408536424,36.4728091544249,35.3374964902746,34.5208606724052,34.1331504444903,33.5304374810756,33.6605539022908,33.147896995187,31.6220872818536,31.9449009150369,33.012909654223,32.6826941585585,32.3168241429385,32.6936753028383,32.6344290589776,34.469566833274,34.5877596686672,34.3299319641105,35.5321310489939,36.0736168080148,36.3606744317417,35.8662215975209,35.2282513799237,35.0822463077864,35.9324726739366,36.2468767569067,37.3841595407522,36.0532016321936,34.2367079621713,32.2854585746188,32.4069123153522,32.5710698065553,33.5148411086263,33.0783200881931,31.6543813509877,32.4255944793351,31.8313457944992,31.0628433361348,30.0112232846459,29.9852482560591,29.614432017842,29.0365373583649,28.1249562426494,27.30795166837,25.299235021804,25.5213324342415,25.4976952414526,25.4055624056674,25.3432714850865,27.1087100311102,29.5255199273805,29.6065206668516,29.5130341204057,29.518021766343,28.3133764890941,27.9186391461407,27.9377243118207,28.2827442268388,26.9937491350962,26.4036727235087,26.2120759323885,24.9516975793414,26.1029705353217,26.2440234725606,27.4578234283502,27.9747269360042,27.7223995210132,29.9044299267768,29.6295907623325,31.7552416160666,30.0563002413047,29.1865942901114,29.5976916931484,30.2254529131653,32.4202392073428,32.0600581844716,31.270045416118,32.1528568277786,31.3031376994967,31.8583438017522,32.0904789642927,31.7866989037778,32.454442832385,31.6696829237381,31.6215092586287,31.9434669126534,32.3116843403643,32.4316711446242,32.9765670018147,32.4426850868917,31.8917674791284,31.9041654665757,32.4665526417993,31.8608838770378,32.112168098651,33.1728205923377,33.8797594025205,33.6148752952871,32.5973905358652,32.3471311654032,32.2258099247603,32.171573147464,33.3664363005441,32.7741984552952,32.4179657448956,32.9436097380843,32.9597003506334,32.0506580355954,31.0008077478368,30.8731958112256,31.0214786176041,31.0581275485144,31.1996047528669,30.1022309015455,29.4201100627187,28.5431763279537,27.889086570562,25.8668903382937,25.6867074848237,25.6695913612145,25.8575360085693,25.4397786527621,24.9270843842784,25.3742605011115,24.9987479297629,24.0181666240981,25.2831608176094,25.1341365711958,25.2956248610225,25.0200716982326,25.1640166674537,25.7212634294376,25.4606549666527,25.9880823543241,25.5136878221749,26.2073937961761,27.0747515276744,27.0755635767873,25.6315616548627,26.6344599562713,26.9229983539444,27.742498543746,28.4802977155261,29.1735558385444,30.0146016386413,29.8339894067565,27.7678644380121,25.7777288286795,26.282080525964,27.2673135300066,26.6734642475976,26.5416403998798,27.3275610787267,27.5658389945031,27.7094281320206,26.4121242067397,26.6900611886709,28.4149295169465,27.0082916554517,28.4016933272602,29.2000804771545,27.6410765832675,27.3891160954905,26.4383760105734,26.7364510479096,24.8990453782691,24.1309801301011,24.0828907980588,23.0233139834683,21.9582145473631,22.4969561415248,22.2311093825482,21.6614067781134,22.1943538914161,21.0915390022262,20.2970258126261,19.9784018906308,18.7007671132571,18.8577780254195,18.4469201407454,19.1868521915975,19.0960551474398,19.8627750947751,22.2218327033569,22.2181628406801,22.7118337516425,21.2866228348538,20.9946148984615,20.1746991071424,21.5344473639438
37.1704420775454,38.0811631434225,38.0943285005117,39.3003090931494,38.693225727414,38.2746446474121,38.5410696498963,38.2489129261624,38.7677691511588,38.8038207786855,37.6234298767386,36.5235172078036,36.431791617881,35.8371782385367,33.9670655149433,33.3274771682659,33.3059543606439,32.0864070576504,31.7633337414919,31.4053085212556,33.1906283977904,34.6315051911219,33.7490392716994,32.4850092927119,32.9864898924504,34.2421077995441,34.620728598223,35.8050451397379,36.1992165932522,35.3417251365156,35.3821664404277,35.8021981781532,34.2009922310421,34.7091962895997,36.1331066838918,36.7469875947711,36.6625216871217,36.0112866726007,35.3159444820023,32.7940740142881,32.0977019677847,32.1063902498194,32.556122848836,32.7774338161681,33.1337850154964,31.6874242179154,31.6435138898984,30.3365660377073,30.3635283223175,29.8924059202994,29.6962293185024,29.9001791407861,27.8832894485694,27.3273554357616,25.9608677303427,24.708574128498,26.0225394286662,26.4722250943807,26.6237481770615,27.242452156752,27.4274337813286,28.5404454872403,27.870207207771,27.579562688258,27.7958585890295,27.9571790703013,27.8722144805404,28.3448065494941,27.0362589290706,26.6414708913183,26.7078209422508,26.0667104076694,26.6674431601549,26.7139475102456,27.6322052492929,27.8657241675659,27.4409516195879,28.5827720200367,29.4330360814873,30.6403695087686,30.5518835961132,29.3234041748235,29.9965348260929,30.2141755588885,30.3970143113651,31.7087232072554,32.5608220800149,32.705795962829,32.3970359854847,32.0138881346792,31.1585442669112,32.3658448491585,32.1433696668124,31.0421060985306,31.3651639416089,32.3937082456582,32.0768763504058,33.5367111498032,33.3536652150719,32.399741978641,32.8760376112236,31.4793838820067,32.1471883451238,31.7347395013975,32.7663343860775,32.7392493505138,32.5642415356039,31.8411924132062,31.4993728672899,31.9793004273212,31.547036784506,33.4667180127376,33.3471113502626,31.8549803254762,32.3137674061153,32.6338899343833,31.887000686638,31.0394122356694,30.11361763504,29.3617520064271,30.6775525866322,30.2313116897478,30.6022362521363,29.4741925327104,29.8905535023313,28.7480676256442,26.9149362285183,26.3672224187706,26.879197697839,25.5614405006802,25.4285247359567,24.9350615891487,24.0877358479589,24.1607669050949,23.747342131853,22.76398980379,23.8110368487812,23.9718461437226,25.2110806602162,24.556490533198,25.1222617152479,25.1962820872793,25.3180459136623,26.4414738629579,25.8266658304321,25.1558491760605,27.0282149248849,27.1474306425927,26.5008028917455,25.532245370411,26.2998295448662,26.794604683539,28.0184599974779,28.864249574064,29.4200900309812,29.6696424030637,27.3079360693135,26.2630550535652,26.417553009712,27.4399413804462,27.0824619081876,26.8061319549664,26.8406245614278,27.5178338427427,27.3177078604656,28.0072906855996,26.856531886124,27.4591591410115,27.5093654524829,29.3142700461842,28.0932305379041,27.2039999870045,27.3212612188001,25.9916376893193,25.2103547008941,24.2736619278604,23.4273851108284,23.1844760829087,22.9548664300871,21.1776502393071,21.668410140982,21.0953700321748,20.716242445244,20.9738475661116,20.4753448426198,19.039150456106,18.3545369039672,19.1164612087092,19.2570267500343,19.3945406326707,20.1705570597973,19.4307935456331,20.2904872510163,19.7923896345451,20.7906311097245,21.6130083900193,21.1054784031687,20.0156160242173,19.9062902855849,20.5445460852255
37.2707660514669,37.7700624705128,37.3809638260546,39.3527299084105,39.6352971651877,38.1035910295367,38.486041684068,38.3983190179336,39.868539675147,38.6599912818306,37.1340856021318,36.0218899460725,35.4840812511341,34.5029361061365,34.2221580086203,33.0878149648199,32.5450966582074,31.8332280873648,30.9224538397405,31.5635928136257,33.3022626065893,34.9131451149682,34.8768628650238,33.5177291005544,33.0005151323446,32.8760370353581,33.0500818500619,33.7497958436781,35.3247388724768,35.135697919955,35.6739991448119,35.3445172271905,33.9366278557112,34.5866748694402,35.4518439644962,36.5672402963552,36.6278975986453,36.7495288647786,35.7558843681445,33.8313186439182,32.2571553800879,32.5543037052301,32.8160479225846,33.2687356122515,32.9293639060447,32.6497244592256,30.8860281820825,30.8902809952475,30.8071945738983,29.117189002838,29.6494864102233,27.7497290919188,27.630491749079,26.4830162845041,26.5252395566705,25.3239223026815,25.6450567950613,26.58133387592,26.9580013420561,26.5427422981623,26.4640331482842,26.5633233013921,27.3602660043402,27.1398109904246,26.8515410124084,27.9261307385478,28.135738931488,27.9610190536495,27.2128494972104,26.9090226614044,27.4614018555094,27.1918007084895,27.2729612221071,28.2091766689084,28.0972863604531,27.329545186619,28.1721397719097,27.836853334681,29.0241496369307,30.1874317031807,31.1357234258404,30.6576790644398,30.3845741079767,30.2935090539451,30.5673194907734,31.8309485490758,33.8022037517413,32.7698724396275,32.3472248100314,32.6937281038928,32.2650941155599,31.7747819520618,31.9354417119995,31.3795239904866,31.5996498442729,31.0637052994075,32.4312790438949,33.0001569037381,32.5348354091396,31.9386717798725,31.6839982209361,31.3669420263351,31.655934530576,31.6171654650648,31.8499342696625,31.1421169970919,31.5257968964648,33.0386362110864,32.558292111226,32.0053914049497,32.5317310739483,32.8551329174505,32.4698910977665,31.6706242821646,31.3773401070407,32.4762676454135,30.9402403723716,29.638865148525,30.3387901591337,29.1637282055368,30.0309958541125,29.3405794810247,28.4686438858087,28.5348678599126,29.3868072740495,27.7557430164898,26.0364092061457,26.934588189274,26.5630049519342,26.6984600261459,25.0790326300951,24.4797859074856,23.0168823088266,24.6175375603739,24.426712001962,22.7518151770421,23.0538478516849,24.676377728956,24.476105866404,24.7687994387374,24.2415531012518,24.5106577952918,25.3575389754333,25.2651317519562,24.6309947074239,25.0603529131054,25.04729951648,26.3594452967499,27.5405524275228,26.730505582505,26.3445279949814,25.8388798988246,27.5912739661604,28.2090501210899,27.7584423646773,27.1488990920787,27.1610794213594,26.5000924288481,26.187413430533,26.7521623197626,27.5214524449918,26.977063917773,26.7977183686562,26.3231415148638,26.8333242772659,28.8800370150586,28.1511285614823,28.2006715891186,27.7213540313851,28.2399028413792,27.3263809785562,26.3367226203102,25.7304135210197,25.3999176131175,24.1177495239387,24.4890562271021,23.0235887243272,21.7452677530365,20.7285807460473,21.4218828422496,21.6448216551662,21.2012924803097,18.7539750623654,18.9963181941817,18.397018606145,18.3551150292712,18.1680927150237,19.3857186871332,19.8113741943202,20.4410600613114,21.7337558490229,20.2309522660886,21.4488050331997,20.9866885758694,20.5025870740858,19.3500387805695,20.1080656535771,20.1875413474385,19.4458860376522,19.6720525840268
36.6113107465771,36.69916582111,37.473902568212,39.2017406041602,38.9947521808329,38.3181111205609,38.8246495284378,39.4790664835392,39.4721329318609,38.2864756506662,37.2017989642279,35.3293124927149,34.9910294473577,34.6881611043435,33.5925732885955,34.3944771103185,34.1326084403685,31.9980640555958,32.1329909577303,32.140353053657,33.211491868148,34.6159603593812,34.4360762291172,35.0288280621226,33.7696494797591,33.2359585937879,34.2654507590706,34.0847489248231,34.7116000286792,35.9720265454394,36.4008718006829,35.9652546222071,34.3753804307,34.601949751456,34.9335245763155,36.1207858896935,36.1254410860216,36.6420420602509,35.7900620221709,34.7958307900172,32.6789386006482,32.87064850729,33.0030371815637,33.1586851708714,32.7334822025504,32.6878041460511,31.7091389536552,31.4739360486053,30.6698666112297,30.1192432753178,28.6622126273047,26.9880669085336,26.039385895066,27.0666394342994,27.7469083324736,26.3086720924786,26.3932699116398,26.924482488941,26.6471759760484,27.0638664784475,25.8319012974321,26.2519723942362,27.5214022817367,27.7727837971278,27.2070387747943,28.8164582922055,29.1519285899585,29.5537305183568,28.5758070955306,28.5974078436907,28.3044951347325,28.4153617390242,27.8757024256291,28.7369396932923,29.8561232921141,28.5490740820291,28.5192480672613,29.5472632007938,30.5839804789431,30.7747849685062,31.9722755696432,30.9140527379799,30.5105038485131,30.381238248826,30.938799732435,30.3115846196228,31.7387866368333,32.3983578836134,31.6810426229457,31.8801358627055,31.1993450726591,31.5572532400314,31.2032725007759,31.2894400626071,31.3079545637682,30.79847031499,30.7768708467521,31.6693625510038,30.8363336717763,30.9791255921247,31.9916170443359,31.3218722456881,29.7927425300467,31.2590625033549,30.4627980548097,30.5384174906239,32.7308373821294,31.7460156069055,31.3816667930344,31.5854462289319,31.5579482304253,31.2523156955921,31.0968992603058,31.8345630932791,30.366121809626,30.5398833841274,30.6618064821276,29.0401034626747,29.4726356919071,29.1572176852905,30.1591368264006,28.2377592585004,27.8926414557649,27.9370196748485,29.0082359608298,26.7505847431384,26.2648745076624,26.3141315420675,25.349336122711,26.1739478503894,25.9855006191018,24.5813328526491,23.6583365524972,24.130963120192,23.8140267958846,23.2384639511513,23.3960930287047,24.472867152067,25.0608665465411,24.3551119926951,24.9017918997572,24.6343887380917,26.0064176554263,26.2269652964087,25.9503879178966,25.1420649651614,24.9343751613581,25.0095658253939,26.6793393838626,24.7908185474359,24.428585093482,24.2832930970836,26.1283893077049,26.8739415935469,27.2761344188361,27.0922996453438,25.0584544678997,25.2786748534394,26.0811083452335,25.7707860528245,26.7277385867986,26.680087512259,26.6251323157501,25.7210035614084,26.7988414054365,27.1570805417171,27.9295457605323,28.659367056916,27.9623887223996,27.8235519663793,26.1031127164338,25.1447456467472,24.5685471183522,24.1546470076581,22.9614608781284,22.9629617770461,22.3621417072552,21.120388977812,20.537864616722,19.9894962561112,21.3956563809544,20.171408442601,18.1357592284685,17.7964953564499,17.4016591760258,18.2988427526954,18.8218948420712,19.7157800529269,20.0047084907543,19.965101749318,20.3409095812602,20.5956880819256,21.0617874615347,21.4489602031266,20.9378160411619,19.2234065150497,19.5799404132944,19.5091763052094,20.5135937205509,18.9561078800916
36.8067177220607,37.1933225907873,37.5128961224503,38.1915516086541,38.7177646546683,39.9232173748131,40.401692144697,39.8135774057242,39.2614052864292,38.6311568845744,38.4829723015437,37.6656484173007,35.8476396004829,35.5630722810899,35.0540072789375,34.5456578789055,34.4934623402496,32.7316394666021,32.7825086107849,32.751728261411,33.676671811221,33.6888332707218,34.5775381042604,34.1420889370556,34.9798148378206,34.279267693396,35.455520904826,34.5863748828435,36.0498870513108,35.6122443518313,36.0531588696809,35.4572657234451,35.6794257112196,35.5408271084798,34.6398684416356,35.2912008951984,35.7109281006248,35.0207219234276,35.5989154486125,35.6966599718846,34.6630300112232,33.591559314031,33.1914635962625,32.2980897917888,32.1782971407138,32.0435405195578,31.194254340435,30.4277495744845,30.387443707873,29.0955611983183,28.2777122414695,27.4669735484258,26.5700688047817,27.3642344736469,28.2919262510581,26.6785298453134,26.7700005148701,27.1680844707923,26.137580077027,26.1267119517198,25.535891844984,25.8748065686001,27.9361052966189,27.9500781778289,29.4224445498679,29.7910090477531,30.2860340021918,30.8412548763143,29.6251114782031,28.8980141132125,29.6843802617136,30.4550634810745,29.3835565899748,28.6325016016947,29.6038695257361,28.8765979426531,28.4661786969102,30.4818883075282,31.4224891896455,32.0972173758933,31.58549521745,32.1619604745066,31.0368913009649,30.8321885803042,30.5602137593675,30.5660091505393,32.0809921622889,31.7834494773628,31.4623608919029,31.2410919368777,31.4133959942563,31.072374623422,30.6826930409098,30.2676587158419,31.3177359095072,29.8646090125146,30.0358677605175,29.2657548274416,31.567649399024,31.8870835430281,31.7207000052721,30.5079815743822,29.4642291673608,28.6507547334189,28.4679214937737,30.3716668760615,30.8858297981509,30.6796638263448,31.0613105005826,31.9873242960315,30.8978898782786,30.935027883628,31.3154650818049,29.5596429948317,28.8783650886145,28.436895109884,27.276308929087,28.7246119463794,28.1857392954093,28.3268676587735,30.1541375847279,27.8320751266928,28.1714584565764,27.8828616184441,27.4589998226262,27.9322947909656,26.6152228295469,26.0456061229862,25.8930931973987,26.9205597812949,26.1134003305466,25.2067618393872,24.2586722206937,24.4474274652157,24.5291249880472,24.255871975609,24.6836020778402,24.2649003833675,24.3157732846258,24.6709483782954,25.047031482863,26.1605043279844,25.7448723358289,27.0967489658275,27.0103920487411,25.7288722099918,25.4447453378901,25.031257713159,26.0548243877916,25.8575391084206,24.2953383827768,23.5295695980931,24.5747229435191,25.4019182947018,25.8498441168269,26.2459081039495,25.8010630497918,25.4713203801833,26.1427092270958,26.4430034070077,26.381719079223,26.6259652936772,25.1161770440428,25.7804256509645,26.6001581667052,27.478172767388,27.8063452712834,27.2395857609194,26.3909476614629,27.192252267718,25.1784368703141,23.3226906929088,22.6455576815924,22.5514484024181,21.8566369869004,21.2587443067838,21.2751741106295,19.7752233549714,20.5874712051329,20.5217409079755,20.1868135557328,19.8663211034825,19.8740450746064,17.7841372496842,17.6509412851871,16.8175914510258,17.5268165383115,17.0583620041799,17.6840866061467,18.2254712682346,18.6304831998181,19.1811549388855,20.6047690403157,20.3043143307956,19.6149428520816,18.132053647494,19.8737207248748,19.5894294274491,20.1091138554128,18.7859232724944
38.4333165520171,37.2412788055553,37.745861744964,37.7845269522984,38.683973493045,40.7780275996439,40.1730152809012,39.1545160149049,39.8876884897488,40.2521866689616,39.1900856244522,37.4581046256712,36.2877695532264,36.0704681167037,35.0813571486896,35.3230317168651,34.8169323370994,33.8663322062396,34.7431117588191,34.1763408508189,32.9374415556225,32.5928318073083,33.5067339206673,34.7038589066375,36.0188868377784,35.7895695643085,36.6556272723648,37.3208136781592,37.6419602550209,37.3742502420956,36.4874699474186,36.7295441567926,36.2727145768835,35.8805655098578,36.092043881353,36.11607623179,35.145045895855,36.189014126049,35.1447684036911,33.8157122356244,34.6793252324846,33.3522013052603,32.8444571431532,32.1422001011717,32.0078689129727,31.4322980439771,31.6039216525008,31.3314041116871,30.0310362354204,28.2784138948989,29.2337557651362,28.9386080717674,28.6327855598899,28.9808303381415,28.3013606930684,27.906747128408,27.86741398914,27.0112094560213,25.5162726276592,26.0651846683144,26.3923426989589,26.5271777433796,27.6830623526774,28.5111298602867,31.0036742345475,31.4590896103324,31.4948024043293,30.9720239273208,30.7184449774594,30.4584265312312,31.2614720776856,30.7167902124903,29.679875007344,30.0819154665276,30.0503313351206,27.801227186848,29.9072290672522,30.9147396552,32.092453452302,33.3225389992592,31.959524292657,32.4756504746943,31.5032104366358,31.0040192449183,31.5266738338609,31.9457403505128,31.6019502599101,33.0389595942554,32.047524008542,30.7338323740112,30.9357322235918,31.341471299425,29.3418264220323,29.4260291913605,30.1039274595496,29.9567389206979,30.0118929541515,28.3592081416418,30.3859979903191,31.4383346180442,31.8441687318014,30.2483615707329,29.769794226683,28.9003463650604,28.3002071224927,28.897360385088,29.2792385185333,29.4960610622818,29.7150433154233,30.9394428009816,31.4812209270132,30.7785603829785,31.1495154354298,29.6665412250773,28.4671252736514,27.2381048803591,27.0244572307694,26.7402267786592,26.6807544764999,28.1929691432624,29.3930470402217,28.9768988026614,28.5417541398159,28.2828520415186,28.3574238379908,27.4058000320367,25.904245741862,24.8089130732338,25.975003822355,25.4446645994603,24.9918171444126,25.5152477028208,24.6300412066383,24.2241914509861,24.3413713831446,24.1785983718625,25.2333882810231,24.7165655615656,24.6428289159975,24.2353893483368,24.0235672238262,23.8976256918824,24.4030863227338,26.2726107146498,26.6588843861311,26.0998507804126,25.0802394436191,25.1246932501326,25.2085182827189,25.1407258904408,24.2458417689713,24.0431484678338,22.9915758471428,24.950397699372,25.9351292468153,25.805775959166,26.4224832277252,24.9249093990257,25.4004656732129,25.8638850426514,25.5668537734503,26.7237399462626,26.4478867599236,27.7739250172421,28.0155545653147,27.1366526972382,27.1087106740325,27.251343983826,25.1178160033332,26.1926083961443,23.9007210194242,23.0135576131494,22.0419047734507,22.2957479166815,22.6228228052821,20.9790364455479,20.3884909522038,21.2236521657716,20.7416541129268,21.009665646639,20.4905168138705,19.0701298762768,19.4449124677806,17.6219741880007,17.4580128139528,15.8325773741507,15.3755103530342,14.9944916286478,14.874464230887,17.6967321513566,18.6636804910121,19.5192449800724,18.2262000009109,18.6400822142482,19.2871219564279,19.3193381062205,20.4245074322693,18.8897714436495,19.4094942901177,19.6776315563913
38.2972164139428,37.651957131134,37.414749414756,38.9073049735756,40.1311777881489,39.2189686683989,39.4862711184261,38.7916650407611,39.4714724893176,39.8712802769602,38.461182107024,38.5044200680573,37.4405075160895,36.1922133656032,35.0197018067241,35.1312350520254,34.1623980979941,33.6078043417025,34.794414223107,34.9613935647601,34.7383236899846,32.3387715036114,34.0813525523946,34.7306757213099,34.7564155754694,35.7245850681853,37.2066735926766,37.2986395286273,37.1788384637419,37.1202182179646,37.4158842715793,36.3222113466033,36.877932004714,35.279525173364,36.0477580232346,36.7353837571902,35.2556096324961,35.2844731410223,33.8486241942371,34.1146686143974,34.1922449081716,32.6122454674347,32.0113911451439,31.5120005042331,31.4983681384932,30.9127429698123,29.8143917708261,31.020179799199,30.177893079257,29.2790079474758,28.9981263460908,31.0483012173398,30.8041521747893,30.4506666108004,29.8706569338894,29.2184698936014,28.7409170325932,27.2005783982145,25.8972287163535,25.3810371453503,27.6039046194238,28.1633325431399,28.9279142114007,29.1807896210757,30.9960498039474,32.3309992095397,32.1329675345926,31.0256318741497,30.5824634200323,30.3845292191431,29.2882099175993,29.816306407201,30.2380668705893,29.7063609970401,30.3134346023504,29.629369377381,30.5946832110929,30.4037098309089,30.7886496193167,32.7915358674855,31.739620105359,33.12552612223,31.3555192789,30.8867686586362,32.1104282247449,31.8726315089764,33.1695616591752,33.273164654314,32.6410817810798,32.8811236488546,31.8847577216527,31.3755017230151,30.0315718911968,29.583924428019,29.6082031833551,29.2934759658971,29.768136564326,29.2736919432165,30.1750849001014,30.500239020351,30.8753620152452,29.7053504767081,28.5805201402255,28.7245833892809,28.411607684783,28.7943064097939,28.5948299559361,28.5302104071875,29.7258801970459,31.2457800944315,30.2470772845401,29.5321057291132,28.8511956416402,29.1896595412277,26.8124477189321,25.3849464595881,25.3862113208537,26.0395653273741,25.3674854140139,26.631263714295,27.0937937583286,27.3258056423092,27.9090509978894,28.5962658684455,28.0306579927507,26.0293682084127,24.6610966857914,25.7008569327755,25.5501023378514,25.4034186604559,25.2623331240673,24.7684925999356,24.4119617925713,23.63087892665,24.0072075853055,25.2053195793089,25.6407281774463,25.028232887798,24.0091983946296,24.4652698233695,25.0668899103176,24.778668719486,25.8237762943651,25.408982329208,26.6517709885268,26.0554078367939,25.6831536830344,25.4904772930266,24.6098959494222,24.0174628616106,24.5428188744902,24.4039183511054,24.1756380163618,24.873143679496,25.4101732905052,26.2777085643001,25.8929964153499,24.7201314993824,23.7016674306545,23.9374803163149,25.1717347153232,26.785083195244,28.8185996641978,28.4198204792062,27.7943279634844,27.471165230127,27.3602186585815,26.6357194376754,24.7280270246124,24.0609213504295,23.4106262689986,23.1223886548397,22.784619342034,21.6077894693677,21.8555815909425,21.0977364216238,19.748193951418,20.390319578477,20.4903404269364,21.1862170478538,20.6130819441694,19.7636380849148,16.6859384128467,16.0240008736157,14.3335064013186,13.8244735682509,14.097025789579,14.5982207504485,14.9646941107505,16.6629426083708,16.7790314400677,16.0259480939289,16.2014870560816,17.622064670179,19.1635654304598,19.840225137025,18.5295857764335,18.3040654194906,19.3412525504375,18.7705415299916
38.4403831840342,39.4441384200348,39.1956797018458,39.2649891893588,39.853158009659,39.1791257450412,38.0208831675645,38.0043976449799,37.6741170817631,39.1776692554087,38.2474065669292,39.2085227380099,37.9835725859815,38.235787684059,36.1877244606583,35.5032755109579,34.9539168754687,34.6431461842887,35.2974840672791,35.0296467694872,34.9860326460435,34.7504217430447,35.3542369148949,34.6182469757552,35.934497048343,36.6474147093666,38.1061518584287,37.428578188162,36.7121208615854,36.163959263381,36.3064231227464,36.2789455862176,36.2624778539387,36.8087779339857,36.528098335954,37.4913259847903,36.2815068987302,35.3013924897552,34.721011929226,34.4912653848007,33.2064556270828,32.1134804321684,32.5405214481699,31.9269200647652,31.5364668151235,30.9102940624402,30.9707347123907,29.8686232108502,30.5351917899293,30.3699124793826,30.519855308546,31.4358340599192,31.0485901340578,30.0437937348282,30.0622485466132,29.0153549978429,27.878917165661,26.9859551699277,27.3481134858932,27.8717688618457,26.5936871486199,28.5982891297567,28.9608577207771,30.9434504313992,30.7069200389157,31.5603795029357,30.2194793804594,31.5896076770466,30.0831052157653,29.6860213576014,29.1855910023184,28.9574357657076,29.370582221378,30.0109997812664,30.9756052249916,32.3161200540513,31.278944039277,31.5943532331614,31.1338378447486,31.886333337539,32.2714720899756,32.4274474714758,32.2158836413885,31.527066123882,31.7989468758054,33.489354921613,33.5703213907765,34.0282754578935,32.5888112384574,33.8736643798375,33.0982714413973,31.9424397115031,31.9566065979363,31.6645511369992,29.9473914663658,30.6172277338356,30.0971714144725,29.7377825572822,29.2381665578157,30.9203195740015,30.8359113337125,29.2766715920105,29.0308693218004,28.6011671232369,28.2523901007351,29.4912200649352,29.6994028794665,29.8583653655115,30.8255919059825,30.8618943035302,30.3351389878265,29.4682720308407,27.7751787618014,26.9531279277497,24.9899121688826,23.9189364238878,25.3269294124302,26.2065133505292,24.9223206622532,26.3252670818912,26.2690111995738,26.1198999077393,26.3522215004743,26.6086258385948,25.5177692122188,24.6682396823401,25.3744717747624,25.5736405310668,25.9124416602674,26.0886100927231,25.0783800015034,25.711709464157,24.1516955005941,22.970937805715,23.7225783946578,24.7639287203479,25.6871944765906,25.2229289072679,24.9517203304408,25.5565102148771,25.8402317773227,25.56423492832,25.5570463919941,25.2786272578772,25.5536904114694,26.1419575810131,26.4027628852747,26.4122705881651,24.5506882150803,23.7965090051118,24.5311624227986,23.847437666656,24.3202410270902,24.2982013007108,26.3619502952748,25.2606380936557,24.7688583362566,24.2425609009213,23.6218467715055,25.0103919662709,25.8211097661218,26.4807673279586,27.6322588628733,25.9782471052063,26.918152558924,28.5191289197326,26.799014677642,26.2656893310774,25.2231927199816,23.6928160308575,23.189056979304,22.533633324833,21.5159811845453,21.1515446794218,22.6050284123816,20.5316385176464,18.3931708761659,19.1771233209203,19.405172307233,19.371265394044,19.9677469381268,18.7062281613833,16.9045418277073,15.3475505178401,13.7291046298227,13.624220599637,14.4273365427383,14.7725517580153,15.4361300654299,16.4746429401099,16.6232797835462,15.438231833371,15.5731233441647,17.9929550017466,19.1088727317328,19.1640012743125,18.8536284559817,18.7300727210227,19.5335957772192,19.6898602514207
39.46244382405,38.7590516442566,38.8069478529206,38.8982815656759,39.5939018663729,38.5703179164237,37.889401640596,38.1569420484785,37.7136456396984,37.2693399822655,38.0129261611568,39.0871315049203,38.9471953594144,37.8829984835264,37.3931447822214,36.9514407157676,36.5184318162454,36.4551061932513,36.6483451185178,36.9957944021738,37.0704726391354,36.3154078983846,34.9642130307733,34.6968268043165,35.8574822703523,37.3577919910684,37.6529076345692,36.5049422048181,35.9719512861959,35.7710683704694,35.974739451134,36.542879297017,37.2939662611632,36.9243857647005,37.1836410458212,37.0474047940909,36.4651648708624,35.536931361281,34.1605001499289,34.8013618153583,33.6716813217519,32.6231945892058,31.3887611983314,31.1607570541679,32.4512285852297,32.1988688928279,30.6754810036485,30.8328966172575,30.2688015509079,29.9164889331287,30.50571311686,31.3591673871605,31.5811044661863,30.7749759643785,29.6731865721549,29.3578821585935,28.9106516480717,28.6880276316022,27.6187934986013,27.3810893957623,27.0158592872629,28.8702026488065,29.6453699684847,30.2094579108018,31.6886203200681,32.4967355076191,30.7633467921677,30.4285107875947,28.9811810336194,29.4123320202526,29.465561180196,29.2627871047896,30.162072807303,30.3547489274059,29.6953316513328,31.6411888301427,31.6330335171876,31.1186571948907,31.5476617953217,32.1106621351198,31.9802453178631,31.7442344262782,31.5537683560974,32.0772158812525,32.8016984196509,33.3898769795011,34.2441899586915,33.1969322219472,32.254333003411,33.0403959554402,31.7656936800873,31.8666317627115,31.9902654829549,30.6197602279733,31.2758299615679,31.014633049357,29.6652705183097,28.8898322979534,28.8012261107158,29.6685452396605,30.0923057331501,29.5565818924059,28.9542210293309,28.0346489380973,28.5579964914266,30.0505132242341,29.8181750647315,30.1793653348882,29.6980862781972,30.6380745114851,29.3381905498249,28.5974748494198,27.7909724558942,26.8049467797684,25.0589872773277,24.4958494257074,24.6294611272053,25.2562540103326,25.1549196001153,25.2640814493857,24.946466425254,24.4679397588344,25.2146970684684,25.8501668411761,25.5242714522759,23.0600494736126,23.5326418601541,24.6380618411178,24.9889378148349,26.3307574800955,26.2839515268901,25.5293415719242,22.8473475162117,23.1724848683372,23.1177132692686,23.2899792983348,25.5162154766,24.4862107382605,24.5569536298652,24.5135779906612,25.2443063485363,24.1971147234826,24.0554918608092,25.2245902054275,25.0304334788639,26.8631632815927,25.858147198933,26.9230278599663,25.5842574166029,24.5655593439675,25.2759514271274,24.3076628609402,25.3115845118828,26.1173793478934,26.2558623112444,24.8850502205077,24.4153299057778,23.5402014616329,23.7909194679622,25.3150624830399,25.9433076119044,26.2885085624208,26.6333942359955,25.9550036244494,27.2772098566768,28.1094248976387,26.9191890008774,25.958760885096,25.175068488543,23.2666139797343,22.421354978152,22.7815426325303,22.0078300699995,22.0898760674528,21.582962164286,20.2481105111524,18.5539415764622,18.5042365765303,18.3784671288285,18.1239223082946,18.8999629227958,17.8734258729524,15.8828479032524,15.4176150776374,14.348220993831,14.2154126238468,14.9809884045532,14.9069124083984,14.3557417617531,14.8961322905445,15.3858080203201,15.3428729485601,17.1983777643081,17.3017991038837,17.4779558560583,19.1125289967317,20.2893501193495,20.1887064418731,20.5765769343312,20.792965070954
38.1388156620424,38.1960443594167,38.4371339217201,38.8701340729167,38.3767947641921,37.4222224867977,38.1444213422204,38.9601717736146,38.9565243514211,39.2627875972917,39.5374671384485,38.9040273042774,38.3307700926752,38.1927138561125,37.7314635803046,37.204612145047,37.288719355616,37.3386947229899,37.5314999155975,37.199073410119,36.6492966658472,35.9899161637656,36.0436852114868,36.2934651499022,37.1644341338073,36.1899007091615,38.0559068029343,36.9844652377918,35.8356472146786,36.2265340057013,36.4371282467562,37.2530838162617,36.8578200123892,37.3045089110436,37.5952809687135,37.3832710454294,37.5259170974685,35.3757621531877,34.6776955247759,34.353142411503,34.1624893967185,34.2400612435049,32.7638433078402,32.3353032214221,31.6772700536427,31.2115213905283,30.2615320473169,30.2790533032325,30.5646936673388,30.358225515353,30.6944816128424,33.1459117873452,32.4980425123835,31.0453816353963,31.6292190568424,30.9223359806708,29.6772829155723,29.1237478290166,27.8161040451851,26.9331406313392,27.5603841372299,28.8209457297166,30.2678831634061,29.8274137935715,32.4122423393046,30.6859619669452,30.033012674919,29.3040085061326,28.9752984888167,28.2409397626197,29.2150713182132,29.4631879842202,28.902734814403,29.0075436287351,30.2100824148185,30.4358410064791,30.8695046931574,30.3615187428258,32.3159392053024,32.2234351924743,33.449228172997,32.8646675309842,32.3554783656201,32.2582843235839,34.8522199417251,33.2404602589636,33.2868816834698,32.8471551189832,32.323720674979,32.1803417780829,32.1825503800065,31.2620335170683,31.678847244277,30.9917140597503,31.5671996910978,31.29145097902,30.1256161796453,29.1395009908008,30.0176978999528,28.9624708899955,29.2184021894277,29.2266256718754,29.2307254978312,27.2896358954863,27.0526393428666,28.9277290486938,28.9000240319791,28.1076742842522,29.4643711896032,29.7899498070646,28.9064411851572,26.8004984011643,26.3576077830692,26.1405551161637,24.2625619709175,23.8607105989684,23.5402719072338,24.5829748773474,24.9945903163606,24.0671830500574,25.8268074985369,25.4541485116058,25.008566970173,25.3641584967342,24.507632313492,23.2888478623573,24.5460958410167,25.382277324073,25.2341396221112,25.844752515817,24.591999757667,25.2855392209671,23.799492174986,25.3904815886724,23.8788950351013,23.8258908875583,25.3736346848067,25.3576589525973,25.4958357258602,26.3446449669072,25.9769678631721,25.7541587946187,24.1912616610583,25.061972378169,25.1206603214651,25.8232651664972,26.7335833439655,27.5575919880877,27.8945598782458,26.4425474410551,25.5687190906538,24.5090773072522,26.0226955145817,26.2419207935705,25.9406528017552,25.1294339165997,24.8809602957527,23.8845155101438,24.2935143579643,25.0437422692033,26.1787008682803,25.222251133387,26.0661672858534,24.4711644935148,25.8915294213254,26.0608662071464,26.2030279976298,25.0813585569198,23.5784334894351,23.2894300976088,22.3030630585088,21.5140355442509,21.8444469781835,20.8525808434437,20.0330606263571,19.8042358634954,18.309862146613,18.4142767278716,17.8702901566264,18.2402079668013,18.5898133830552,16.6615529408817,16.3604822451936,16.2683179148547,15.0337617299102,15.1017106063168,14.8026546351112,15.0223970158583,13.8948488182393,15.221032052769,16.1190573881245,16.4960870628742,16.7268833705373,18.2097121341802,18.7908328896348,20.0386108408133,20.9010960928272,20.1729168257475,20.3054318595344,19.626955239745
37.2586956462695,37.4047722723494,38.0915486373012,37.3961025724636,38.2798766974853,38.5302475688291,38.9752277319389,39.7687535038574,38.8458592060692,39.6841434533477,39.5605127790348,39.659993172019,39.4112938039336,39.9802052126963,39.0207234087599,37.99153054795,37.5703561809071,37.3760863353382,38.3595302236023,37.5469197080842,36.2632612484247,37.9000827504735,37.6986999896029,37.3693380262526,36.6342235604924,37.4644317027712,37.9017833968977,36.688578973857,36.867348574411,37.0042259292976,37.9646482689011,37.01353400656,37.6073305762151,38.4301457563642,38.1444025422969,37.7599368895616,36.8136422524214,36.4189873364292,35.0504555533801,35.4619664049792,35.2865508782674,34.0791188970207,33.1514596062702,32.5432886785132,31.9338517162823,32.5980900158314,32.6514845796382,30.8515032375522,32.4174475963119,31.2212249063414,32.1177832742172,30.9086720057734,30.9989829914372,31.8694677068164,31.9708610314134,31.8949776705631,30.903837639939,29.9421105884577,28.964218206252,29.0882829240911,29.0099192646906,30.4352538028436,31.1163132065601,30.477258960631,31.2817765222656,31.8090192354065,30.3771538309285,28.8502299314274,27.9411089120809,28.9423974901897,29.9356295744947,27.9823950818657,29.5003439031528,29.0577347362492,29.8725138969338,30.2054223959904,30.2844999278976,30.9271703787229,32.3600036099009,33.0023238153257,32.4017994878355,33.21165315849,33.1627934351512,33.4403672058237,33.9964022759675,33.9202869450057,34.2165219561843,33.1947390801459,32.5087128348521,32.4167505640931,31.6663527998565,32.7139160254583,31.6446654709577,30.4086794447747,30.7337903432243,30.1829669650908,30.6127002493713,29.3234782142896,29.1998708350072,28.0119419931309,28.8719346809682,28.5753631710089,28.1309296713362,27.1261766323085,27.456150837503,28.3600575430893,27.8005996446718,28.1459404128137,29.3039270110627,28.5262308639349,28.5159045696056,27.200056769851,26.5676484793036,25.3971651994275,24.9021981087705,24.0933552413602,23.4293006696439,24.1901156262282,24.0861259644769,24.0054637431633,24.4503716431476,24.4394744949315,24.7251477013925,25.1410098926203,24.4894961132547,22.529283919268,22.6801081547127,23.7417423948947,24.950029436461,24.7446285470515,25.0367959661459,24.5096918372167,24.2459040316441,24.1167081014704,23.4586805150629,24.141662450928,23.9899237171808,25.2739925725589,26.7993109257097,28.1370392901223,27.3931483412512,26.4250388768338,25.7876786249932,26.0014434280208,25.2708921000338,27.1222342987888,27.3267023333276,26.7857007905006,26.9715178130358,26.7270694006293,27.1269409409234,27.5557854372953,26.3449881528474,25.215072438527,24.8221272132345,25.5252033860339,25.1200996042885,23.4877574771822,24.1205196567165,24.9617222113448,24.6988255277062,24.6994376764977,25.1426572783584,24.5507889181411,23.7908551141632,25.1940198075929,24.2240787714408,24.9241466424092,23.1019188632235,22.8292341999072,21.7724596924862,22.605530726361,21.233965483461,20.7823382972794,20.4090841300227,19.234682645411,17.8788487038865,18.7652925506226,18.293692486963,17.3782966912816,17.4793006426685,18.2059027487467,16.401870994655,15.4149380241275,15.6263618270627,14.1858141777911,13.9265081244128,15.1036032947327,14.7132732286173,15.5312056547043,16.1065199886414,16.9993190159512,17.8677224524679,18.0820611855019,19.049625968962,20.2853255906171,21.2440091965429,21.6584045356745,20.7333123777386,20.0427002465949
36.0350446282238,37.1771959868103,38.8786434762269,38.0010955953673,38.1476406883384,38.033119038904,38.1750320284387,39.0622231700005,39.0816955223997,40.1576739001721,40.0172439522025,39.736018567766,39.2701745312325,40.296903031732,40.040277525863,37.862225553496,37.9199108773004,38.3240168517562,37.5685459227129,38.3613266275424,37.2577122891541,37.4257074813058,37.2696181443238,37.6721380889128,36.3107557538144,36.9215492345763,37.6957378077736,37.4439892367701,38.115790823595,37.1366671398657,37.2274306134637,38.0940856742157,36.2406312817445,38.7114097214536,38.9342843164655,38.4741484014378,36.6326635905567,36.9648593681089,36.1796561002941,36.723875450084,34.5549885508781,34.4483744715123,33.2728353974248,33.426103022465,32.8570106050429,33.9581083205713,32.9044960390826,32.8284303407492,32.6570314572783,31.9424740056355,31.1471639433856,31.512795632169,31.619359136698,32.6366977889395,31.6898306471802,31.0159475772035,31.76270910957,31.2036244020446,30.270621611626,30.0873916763721,30.4553837681369,31.3153931051191,32.275326210664,32.3720423070825,32.790463529132,32.1924945439525,30.4821769156171,30.0939075332737,28.7146101254425,29.7759248016229,30.641006508189,30.1899223297673,30.8286605335066,30.0242635382804,30.8129925644046,30.4406043070299,31.7317368450133,31.9982733038255,32.9475558437056,34.0888972574907,33.3098335986827,32.3713226318172,33.6756107698774,34.5249313391741,34.2626596814303,33.9651405610032,33.4629450485769,33.3076529801149,33.3755037224111,33.0123821910592,32.2809458823916,31.2475139559521,30.7149357582758,30.27315724886,30.0456763040852,29.7571297016857,29.876117827039,28.9070142801407,27.49083457873,26.922452448717,27.0233059654877,27.6304088075504,27.7994072836869,28.2280564500943,28.116600520724,27.3772380934853,28.0209129469436,28.574162348867,29.6161795899521,29.3992248302448,28.4318185009163,26.9382929044697,26.4789358212914,25.5284301067842,24.6285379375602,24.0087147489252,23.1185897897024,23.1848738961294,23.2972506403489,23.5816051014328,23.2220461680715,23.4807699438218,24.5389681517807,24.1221137138988,24.8705425592823,22.5335329704295,21.6207724260275,22.5527460163058,23.9823519332191,24.631105383312,25.4636666115688,25.4630054470983,23.4877220765721,24.1039914370459,24.1329102141219,24.9558103433193,25.4605863115582,26.1699924895303,26.6787702174877,26.8205087551775,27.4175928955902,26.7212898050327,26.0904748381172,26.1998458777174,26.9158512579355,27.6828154395329,27.9686847632893,27.4019268463632,26.9676378349173,28.1346996808395,28.1685215608474,26.9811956898526,26.0351682650966,26.9038552265317,25.8566320637099,25.5794060175427,24.4876695993315,23.7363665970689,24.716662946162,25.1624359141194,24.0633625426015,24.7594319164021,24.3813975728764,23.8558344165251,23.7986878796409,23.8761383011359,24.9668935201796,25.0317197422288,23.7301394631815,23.1235506919073,22.0571911136546,22.4498400890271,22.1906005793247,22.2481081462528,20.7334645612122,19.8503259762736,19.0298011136813,18.4072512593081,17.9902390998579,16.8952367097265,18.280608216515,17.363248295376,17.3422079978631,15.351196208951,15.1629754123225,15.3999205938958,15.4609816981258,15.7140604242373,14.9568778482223,16.2288781040232,16.0168030253836,17.3829253676005,17.9481974850626,17.6574961980686,18.2137176316585,19.3822077950475,21.3030476266327,21.5521113876568,21.5091322660098,20.185571776795
35.8312709149388,36.1004532281786,37.5820313433673,38.1739107112816,37.8923937491165,38.1301624143995,37.6910375422967,38.7286332921832,39.0293669514799,40.1904566739117,40.3077371828587,40.6792100026659,39.3928222797686,39.0359879379826,37.8596196736969,37.8081193184309,38.3659912279322,38.1237692433231,37.3562576560206,36.3322030792578,36.2287906879204,38.0141438095499,37.6930028405555,36.9109260588879,36.9694113065282,37.7041103400515,37.039377239274,37.4124986130226,36.6704467925656,36.657091889879,37.3940899146029,38.2531427314132,37.5476439768556,37.8314629813573,39.260550434019,38.5655044555791,36.7855246685564,37.2533582068,36.9129607688733,36.6780391090953,36.1244444041157,35.1627433453266,35.391298958762,34.3998941236738,34.4647155782136,33.6312198498836,33.0189868539088,32.8389584944386,32.2199044082148,32.3542084478227,32.5329297067718,32.170967967246,34.0819559574119,32.9890590637912,32.6904201169042,32.4451026484352,32.540472182625,31.1508080293507,31.1401774399337,30.4480771428999,31.0786828265694,30.821617318439,31.6633282036032,30.8997030663246,31.1477590247881,32.001474092137,30.9072920876313,29.9337059198263,29.2221676445293,29.7453691591918,29.9248865032304,31.8787156786223,32.4941914769398,32.432493902963,30.5067352905746,30.6179416998296,32.0925662633966,32.2087371617857,32.276791484103,32.1139599567456,32.9699752549621,32.5155047645166,34.0256136294988,34.5682559933775,33.9638159787896,34.1487541632097,33.601114347315,34.4292166899369,34.7763608464316,34.9318684264602,33.2644624840595,31.3947031628798,31.0024470969848,30.5340225284902,29.6271759791121,29.8913647155135,29.9139277595904,30.5063831558876,28.6752514048536,27.2172899806706,27.8028406689374,27.8309263167952,28.3998068290618,27.9181240195612,28.4577863742414,27.2538624778728,29.088050365819,28.8978917199304,29.5664131450175,28.3177097391251,28.6781421612989,27.2849870540937,27.4528419696589,26.1346369242523,24.6196759259431,23.9434477109254,22.6554893802805,23.1923821759119,24.2194815345966,23.4345531869923,22.7776512789972,23.1974545216297,24.4362283669354,24.2056522724399,23.5168708532499,23.0347097774873,24.2583451269971,24.7870735719168,25.8383071008732,25.4197650908458,25.5011645681519,25.5874694008197,24.8708487668118,24.3003029365729,26.6592468919899,26.4641290083171,25.9526685036415,26.5280574148323,27.2445776789561,26.2634057225602,26.0697351923108,26.3628950431538,25.8488589502911,25.6437309172911,26.8133213580531,27.543221478874,27.8371023851732,27.8052948345105,28.974136110053,28.539798701976,28.3020915051567,27.8880102507659,27.7797289326656,27.6170189580892,26.883215540477,25.8521855110366,25.5795470425962,24.6470758045299,24.7244162312906,25.2657319689244,24.2513903884457,24.3209171172539,24.5397648070846,25.1771364425992,23.5175547900462,23.8760636826806,23.9457457120105,24.6826566976357,23.6147664764504,22.3762722618401,22.5222548293967,21.8780220794789,22.1189342951101,21.2636347873148,21.5830308626594,20.0215709854993,18.5538966997955,18.7736625218731,17.8493696187449,18.2156860631486,17.4790983672835,17.2940780486422,16.9867089639589,15.839791057302,14.5495928078998,14.7360415122403,14.7085853276959,15.446415339729,14.8557160932602,15.2900457336206,17.0081091397815,17.1410809961889,18.3528033791348,17.3040444765824,17.5803406283272,18.3566291157265,20.6739937000434,20.522563899816,21.5743781318073,21.4009991574127
37.3739308500624,35.7665407288844,36.9699311580074,36.6692269654145,37.4425323741709,36.4425860452639,37.2307679208381,38.9420701486511,39.4336551670877,39.7742527971665,39.4787023927107,39.5415184186104,39.6514070997089,38.9343830598747,38.7480661933076,38.3808613840425,37.7284688826628,37.5162696750242,38.7645447664888,36.9069162643566,37.4150636751857,37.4420301082253,36.0975068553643,38.4022576102123,37.1680205416022,37.563465698515,37.5840789948964,38.1844467787587,36.7741454100887,37.522872638989,38.5428060032961,38.0357030999838,38.3328899089649,37.4893958927216,39.0891820220144,39.7406829235949,39.7113474554373,37.8365840483354,37.9072850947022,37.0681754170716,38.4334060510081,36.0718445416159,35.8039889313385,34.3887338593638,34.5996419580694,33.7933275537563,33.4410544407909,33.1826819697897,31.9731483921292,32.7674984498211,33.5339792975405,33.6361515170288,33.6049617989895,33.9157137792114,32.3058225488161,32.9391426810775,32.7203190751075,32.2124522218053,32.9585860928481,31.6689397459268,31.2758581092878,30.4440091800428,31.4296890031804,30.6121748368554,31.1222137478437,30.8425403153949,31.7305228127634,30.8136903847961,30.4464435571643,29.0652090427935,29.3995412389517,30.3154019255902,30.9041765385627,31.9691896284788,31.2406581239858,31.1098307764888,31.8130470684776,32.3586754852097,31.8281136642495,30.7494582511891,31.3981710434863,31.0201378998653,32.5624909671276,33.5920360579286,34.0011935373578,32.4623508472932,33.6779872972589,34.31766143439,35.3415187406582,35.1504971511079,34.4839582754718,32.9738191129149,31.436281861874,30.9729872283231,30.8366048761203,29.5544015469353,30.2480925679016,29.6988003908409,29.4099227520724,28.5037625085465,28.9850880422119,27.3523066781519,27.5944230278919,27.4155629539265,27.9384758081497,27.4621288155455,28.3021315115707,29.0744009733234,28.3457776891134,27.1856657021385,27.511168675734,28.5538875480334,27.8852557617777,25.9776932514998,25.9385769964884,25.308560043687,24.539737885036,24.6166021001287,23.921642538808,22.3922336361726,22.2900517059528,23.8894813931362,24.4727670497247,24.2174331327854,24.7484235264667,24.8741729761382,24.9281526625435,25.7255345953849,25.3697251677945,24.8269589445501,24.3371040850679,26.386490462098,25.7227175060919,25.4013171827097,27.1721315339475,27.4957566414575,26.3892178561362,26.2025931151526,26.7833390352704,26.3375702308674,26.7759759490592,26.3967677460518,25.4910173972781,25.8062243880088,26.9132059925186,27.517525504685,27.664107299273,28.2383090893424,28.5143131193937,27.4386861118569,27.0059693795991,26.6964531954206,28.2073354207277,27.9761961603014,27.8144745508759,28.0846915481085,26.9987451729067,25.9159994443156,25.4524852251481,24.4581518339275,25.0488078261628,24.7264979305301,24.5809996401662,25.1917100507318,24.1320115519679,23.6322814998877,24.0558263743979,23.9829998733749,23.3589974464316,21.9966557419199,21.369241588571,21.9902893834514,21.2832472723379,21.4593528394551,20.4010038939478,19.2435312806345,19.2776212589098,18.086811035108,17.8050027507599,17.5242179825683,17.3801196587805,17.2025798493936,17.6002312921076,15.3717518015223,15.5341433858913,14.7470743367565,14.9625651788971,15.5931969020748,15.8186233977955,15.3940661039097,15.7072624835935,16.6089519217451,17.0754757440525,17.2899677283558,18.2473102672511,19.9137398487098,21.2303234980525,20.8266806762332,20.9321085192636,21.8144271018803
38.4660656087252,36.4266471023155,36.7006396382465,36.6582401067073,37.2514755248692,37.3075269315838,39.0683468337015,39.2967872253877,39.596199691986,39.881123961371,38.8406331815245,39.2399594358272,39.1104267264132,38.2891491233411,38.2724904596228,38.734243135133,37.9405933965338,38.7257191836411,37.8275309427856,36.846791244956,36.8705466525988,37.4880455498163,36.2909327686656,37.9895631852104,37.8842835019808,37.6194452907857,37.9028132405393,38.4660195504195,37.0675758951189,37.6159692229208,38.265879443345,38.3127957599428,37.7520580961782,38.1809740708149,38.264461362937,39.1015639160624,39.9858269928123,38.7281273687902,37.4325024359747,37.364200250232,36.0281116403285,36.4085013793543,36.1863817515589,34.9117721676198,34.9822953368952,33.9907488361952,34.7636834883012,32.7113048880507,32.4460882381236,32.8471433151326,34.1156599991466,34.0376716306504,35.4358856248102,34.7250195648222,35.1198283377042,34.3326604655902,33.7474265200438,33.2240925583255,32.2961442407455,32.1417930383663,31.7523905202998,31.535336197113,31.9924916825443,32.0768397579133,32.1328289736361,32.2520665202561,32.9468761225273,31.6820314454795,31.6627248824102,30.5943540446595,29.9061637135313,30.8019386011688,31.6911952453412,31.2084628119734,31.8176714860854,30.9729383424078,32.0772835356236,32.5223777743326,30.7396651005239,31.1409792686533,29.9770964072032,30.1586117714866,31.0113922396992,31.7013185632509,31.9411078823409,33.2307873210253,32.8154696952847,34.0176478685366,33.0776678611036,33.6651486426515,32.5204215560485,30.6117733030655,31.5608664218457,31.4626230608998,30.2629315636548,30.5837584079327,30.4314695537557,30.0141696844543,29.0816761815662,28.910162825454,26.7072195746605,28.4490191135905,28.0035208196749,29.0338725022268,28.7298044305865,27.5602429286544,27.9505283809619,28.2040387427937,27.8227763501762,27.2439488198809,27.9840419764616,28.7154597835533,27.7170363999074,26.0252733033188,25.5389147737793,26.348362460566,25.703648907154,24.9717193240195,24.4722102671853,23.2108081642706,22.6059428982745,23.2799463001084,23.8734531770428,24.5841838428789,24.3057352975148,25.9066798168247,26.8958448792747,26.4587226849097,24.9161413336775,25.4927044299505,25.6015677307882,26.1103944304317,25.6192971796417,26.4977684727945,27.0305032490519,27.27067697512,26.1499529611337,25.9816765399132,27.4467081321449,28.8869288855733,28.0266745934482,27.9576037486306,27.5701734661315,26.8133408507705,26.6128114331927,26.9284953625121,27.3764865493124,28.2767235870647,28.9166608796157,28.4347243306816,27.308595774714,26.4059920234908,27.6432783334198,27.8962304063476,27.5691443521365,28.2162124091459,26.5673773382556,25.2502266395707,25.0995339506597,24.0777629219249,24.3247077046864,24.9972915721522,25.2864388783575,24.9727343389086,22.9153911546203,22.852715778299,23.666170931567,23.0277576099807,23.4662137607976,23.0123390729414,21.5212457972081,20.3390119408259,19.1155077299252,19.9702380704678,19.7630210013266,19.0023983802003,18.6973069913755,18.1927761109655,18.6127164688116,18.1869432944905,18.1832468058792,17.8280934666605,17.088776334256,16.5387791437382,16.0728474098994,15.7191815380341,15.6490132375908,15.1233057194724,15.1739292163292,15.8465852841897,15.5856052583363,16.5400867902444,15.8357714627114,16.9589524975913,17.2136221502406,18.9515549166637,21.0936570060263,22.0194652637105,20.3259325152243,19.9737668038577
38.3124374313038,38.2178583484459,37.1638363598935,36.9921602689634,36.9552754849252,38.1865086086081,37.4814583476521,38.8777553662635,39.4803424760241,39.6063211694017,40.0013378575184,39.1802075312262,38.1915778319524,38.0773110951513,37.4494473992356,38.521343330811,37.0213531249734,37.9587952148399,37.2939816826125,37.0908705738217,37.3854856971647,37.6544895903444,37.4512839768693,37.9809732208944,37.3748590281668,37.825831781768,37.9742852034371,38.2733431105111,37.5917851948995,38.2342045193054,37.7819976825332,37.4802584522615,38.5632101744198,38.4656650880479,38.8099352818673,39.2862399756048,38.492495376422,38.4116548545481,37.6288251118909,37.3211046952482,36.8881073698943,36.9591683298486,35.7739962744822,36.1543452954858,34.833196543742,34.5614990279612,34.0630379606488,33.356035116314,33.0587446451138,34.0264706670788,33.5370329733662,34.0530633358321,34.5238138115814,34.4999604820524,35.4253903572187,34.8761953412742,34.1622513588064,33.4807459895396,32.7691021996975,32.7158438574705,32.7704252784206,33.1799413841257,32.2139719238058,31.9168742110145,32.5866114231095,32.4628898914278,33.10687835895,31.9785801473901,31.4039124583,29.6078503775892,29.8013063803555,29.1101028302619,29.4830030993996,31.6871737192427,31.4917575614295,31.8605532802778,30.461440692072,32.2092369233932,32.4274269427762,30.4048336558453,30.0174339922735,30.0577052134808,30.2846159248368,32.0805146321475,32.6412098554538,32.3275217882572,33.2585613795248,33.7799820692426,33.2654140369618,33.4887000518068,32.9001144983445,30.6737832936234,31.8290801665471,31.446262627086,30.8497927342646,30.8532792738276,30.1842453492954,29.7769102724838,28.9107658999106,27.8227020890243,27.7240048589454,29.5188211505599,28.938442556161,29.5006528908146,29.3686056211105,28.9430424311541,27.5128774939253,27.908055816229,27.7417070383613,27.8304372793234,27.9714559072447,29.2559235348582,28.1842186187253,27.8670358841775,28.4968885760879,27.8683945125041,27.1159107599223,25.6482170237397,24.4925149986684,23.9281797759899,23.6797858942433,24.1619644285222,24.2896576149587,24.5669985917391,25.2032688448361,25.2482373379235,27.5576388578838,26.7787108097836,24.0835606504505,25.9847594048441,25.4134660883457,25.5903517623907,25.4290899980634,27.2490798965955,26.7947005412002,26.6829952697574,26.4466033041055,27.0878339770391,27.776496181249,29.0151217712855,29.0431409072606,28.6471808697487,27.5451629021436,28.1601573440775,27.7153796915636,27.0014098051096,27.4914940498427,27.1070867520466,28.6557949385869,28.7578396959012,26.8650027239242,25.9391110267082,26.2171588992072,25.9126100124744,27.1281227789827,26.7615005469303,27.1907249350358,26.5000558877466,24.9852238382872,23.5586290260609,24.733429018366,23.806132066829,23.6514047455116,22.7333370463164,22.743883534011,22.3712076486584,22.5719470388207,23.1112441109106,22.2933953839332,22.7759530316202,21.1415681214805,20.2838242437753,20.1592236019461,20.0484367371492,19.4760077255447,19.9521943308649,20.0469876567604,19.8757036748333,20.3245816668356,19.4349387728645,18.862697264974,18.3847180936323,17.1796337897898,16.1519419676284,16.5158122523364,17.0665889927156,15.6463641478833,14.5599858028047,15.3958683723896,15.5544532616223,16.1745466736548,15.6328201094881,16.9013948872343,16.8220584875506,16.938756276001,18.1088458489303,21.2174833489344,20.2036436441304,20.7323902186812,21.4295262893467
36.7385258894156,37.7282857841519,37.3483883334832,36.717161984526,36.908967066236,37.3730938806249,37.2856787993546,39.8033360087204,39.5641558562364,39.742642848243,40.5852096945732,38.9565319546836,38.2935359037061,37.4400647111543,38.0140066985457,37.9700033229396,37.7207857075912,37.2049350179536,36.6540972698581,37.1546830386231,37.6368457282756,38.0164845339107,37.7834583008876,38.0143408081595,38.0453770424883,37.9388136813416,37.9987868549955,38.6510112397772,38.3447776709671,38.7858272206949,36.9161219193259,37.0821774628512,38.2800061080697,38.7600628755695,37.3454847535925,38.5382602828812,39.1961591014453,39.3987759533169,38.917273280382,37.8949372182657,37.3511119988584,37.9884229092013,37.9422962375327,36.544965768199,36.1074043486183,34.6214056156425,33.771876392457,33.9247703815373,33.6299399950225,34.1405427548004,33.7543970743297,33.7306365145143,34.2168513655413,34.6900469366276,35.1151557508491,35.9807897566944,33.9959476937159,33.6051935494175,32.6062786672968,32.9935658891657,32.4383271266642,31.7395776444051,31.8697929690246,31.8506810404246,32.5850525391847,32.6211494822051,31.7254897163612,32.0445997026057,31.2620655325451,29.6096228592511,28.7313808914515,29.7649423647766,29.6067284099187,30.6803835098643,29.8184811603707,30.39640938781,30.8596155540864,31.8180893537091,32.7153682965474,31.3523212038029,30.4816468810792,31.3895509168624,31.3801413670877,31.1614851316576,31.1405405258372,30.6429537748603,32.1177451048218,31.811843099821,32.3148151270453,32.1961356719675,31.4793461856863,30.983090637307,31.4756265694593,31.7158831648979,30.7199314880927,30.8507865289562,31.3026037212312,30.5196844654804,29.5692946874456,28.5930278334214,28.9983561155587,28.9723646757829,30.1190949540479,30.5787876135169,30.2232748990829,29.2792192631372,29.6678628792547,28.4809925026682,29.8809571038662,28.9396985024158,29.6178681778128,30.0359766136719,29.3578797941333,30.0236913903426,29.1237712963747,28.3961369241037,27.8759471355999,27.2747137560732,26.7611155135519,25.8253726852906,25.2274208733276,24.4855157650475,25.0960722581119,25.842342237829,26.1824031653025,26.6211829952987,27.2962722601758,27.259979952545,25.5725204804516,24.8508507075958,25.9050562715479,25.5254767062678,26.5617352457284,28.1114699607184,27.6005212824013,27.3481414466716,26.8356209263069,28.035709984675,28.1844029968477,29.2927158748136,29.9797314420712,29.0653171359588,27.8680564654739,27.2096653802718,27.5636634918811,27.436090945395,27.8158277068882,28.072351465,27.4822408906803,27.527418343058,26.8361396290748,26.5116045289167,26.031201060405,26.8801187493906,26.1654346441337,26.5245961607174,26.7090954838251,27.0263558396072,24.5878655518256,24.5809780680702,23.7676757053807,23.0332438377076,21.9538862307622,21.5925160236667,21.5671843907682,20.9063408293554,20.745756435575,21.744793147233,22.373090404609,21.1376393580771,21.0189511690193,20.0692347249668,20.4818965342512,20.4469699499801,19.2868424124535,19.5790316060662,19.7758305707623,20.0992797328391,20.2719104777411,20.4781550484661,20.1338171762647,19.0911811745551,17.4134516861058,17.5135961653316,17.5421948733659,16.7176323035285,15.9780838033265,15.9111801078327,16.5351666045608,15.6716498161846,15.9683226122528,16.9342926628003,17.6364980720067,16.9799913331565,17.8659459280051,18.4968232241864,19.705533784403,19.6214485246505,20.5805748857568,22.0501739048218
38.5184788415119,37.9488854869875,37.6914492582188,37.9873539870701,38.5271511308547,38.4682363928243,38.6253505575933,39.5663842035034,39.2825366016533,39.4702071911844,39.9437972701937,39.0242115790669,37.5640975374872,37.9612416139993,37.960584059722,37.3657221242586,37.2426540957601,38.3289257448006,36.7488202958739,36.8671444321286,37.5054044972497,37.7902541423866,37.8295627105071,37.4384876971027,39.5671028724669,39.0600089866041,37.6851363974638,37.2663280055063,36.6356344276529,38.0503858042226,36.9804236461772,37.9882901233923,37.2402145601276,39.186139429689,37.5299910627465,38.9517521112423,39.5175585167466,38.4978488854799,38.3621408218576,38.0975457545941,37.1402211970728,38.3142763565077,37.9734566324415,35.9484069570966,35.4461083766103,35.0373296456458,34.2864179855812,33.4950830534447,33.0171344344244,33.7312792821991,33.3906282635042,34.1333086135388,33.4941102993163,33.2229896040666,35.1644258809876,34.8362538634744,34.6020728628581,33.6312734115059,32.7196275612284,32.3417234657264,32.4014129439624,31.0962083549075,31.4851494778222,31.9630269596757,32.2005526262338,32.5584138420525,32.9026855621395,32.8758624800298,31.719387249515,30.9319232514048,28.6111933121822,29.6212644730909,28.9957484406035,29.7850816353531,29.808722835927,30.9880676926488,31.8495322285919,31.4478640696,32.968837901868,32.3267474935569,31.1738785577446,29.8991331503949,30.5567165537179,30.6693240725122,30.8119117122998,30.5841973292629,31.0285100987829,30.8237402850244,31.1781334401179,32.1281565601101,31.7121734918468,31.3529349734357,31.0613256991122,31.0184836944762,30.9811644316125,30.6074461451962,30.6406897040413,30.3834231318959,30.0475835148937,31.1383385309555,30.8255730429388,29.9918978730296,31.0113744083031,30.7675951853595,31.3906666096479,30.0703449563962,31.3335241182113,30.2609953578157,29.2192244151252,29.88514030526,29.6467403720107,30.098883397059,29.467340784783,28.835609139865,27.8788981535734,28.0276634267398,28.4342126001675,27.7989466415893,28.1611801389404,28.0693764873024,26.8238555740488,25.283885518789,26.087891669359,26.6249571335564,27.1271364354117,25.636844578763,26.2385727043011,26.3982853870821,26.7051244848873,26.9510248141449,26.8083726563827,25.3729081829639,26.4206881534312,27.4741954938413,27.7152654129114,28.3329628292537,27.4359479746788,27.3548001120146,29.2782177427971,29.6516200084832,29.5651826502277,28.752271826974,28.6695255074936,28.1927712117239,28.3622135841883,27.7358722275682,27.6833341063892,27.909281926934,26.7681170593844,26.2725388161713,26.49621945245,26.2578962624567,26.8402628235713,26.489045867294,25.6443223741801,26.2884153978707,26.3138688158853,26.880330547328,24.4792829776596,23.3288405498176,22.66492372929,22.63893124046,21.7489594664666,22.1819190490033,22.3736867039391,20.4761288609853,19.3212004620494,20.1963276150078,19.7785593100866,20.3669625275377,20.7207278110329,20.1184456178213,21.0955092850727,20.7700666681154,19.2788285609486,19.7475800734275,19.747999740066,19.744775392331,20.7774989480736,20.8149266206953,21.0309317196152,19.9230688729779,18.6413959580689,18.3606001935653,18.5395903345663,17.6626132330194,17.2671230377801,16.1905311513337,15.6303402565015,15.2276096468792,16.2709743395981,17.1542123851571,18.3449078043548,19.0713897196919,18.4184506557707,18.2710726008365,19.1419760282209,19.6921977295828,20.8096803980363,21.6223324726361
38.3798924017484,37.3091953017977,37.9916548175356,38.8615293224242,38.7802593163202,40.3688648749217,39.6538073041465,40.1191311442998,40.3495711704027,39.9301375268833,38.7930325439771,39.460833559464,37.9484102710266,38.1540111959005,37.234990591669,36.7927508691942,37.3827660284724,38.549970221548,37.5114749462349,36.117972554454,36.7055932824961,37.1815908341707,37.6602713640932,37.9604716405169,38.6235025755745,38.4766904340203,37.4021233205147,36.5954734677667,36.1211823549466,36.8314223897292,37.111568866669,35.9861555608478,37.6491306407138,36.9673695882175,36.85576264048,37.9169215334284,38.6104614301904,38.8301246012903,38.8768727566869,38.8650103311915,37.7210834194043,36.6539078258339,37.2330733439339,37.0317348026244,34.7142106533869,35.4316942208253,36.0542541533057,34.6413667999389,34.2871032822844,33.4070310381034,32.8992039192947,34.3032556128732,33.4534772559943,34.0129605015739,34.5760491832669,34.4866148076056,32.6725290083811,33.1916477477918,32.5050525832729,32.2590655100982,32.9633330442777,32.6115506472723,31.7316750169672,31.6951558751174,32.4298329906155,33.332355638553,33.0918053458222,33.1368962054475,32.1614893626936,31.2281833327051,29.342615080764,29.6021882719049,29.8658488643718,31.0956833157245,29.8463112234269,30.8326190652047,32.2618027432723,32.2718091492434,32.4359272275935,30.6855097163972,29.8631359708307,29.5257267556179,29.8689434616577,29.6735828439611,29.0241051473124,30.6384293817001,30.4925950615626,31.0415847223474,30.2640385817056,31.5179880875221,30.9640505063072,31.1815308469584,30.8190847720855,30.8394181000836,30.088742397931,30.1727473684149,30.2153984250221,30.7912800002287,31.0973053831144,30.494326217249,29.9340105756551,30.931628621,30.2461454793086,31.251566381379,31.1683076960934,31.2807071167987,31.6467924870936,30.3930981585648,29.4222864116108,30.2483307509187,29.632823896633,29.8737871441842,30.2078542712476,29.1282566636837,28.7307945896844,27.5608076668871,28.8303152508851,29.2160731330987,28.7468045113435,27.9962487471077,27.8748397851426,26.232988773776,25.6568985120921,26.4951894513438,25.842011674723,25.4448187605183,26.0842630249839,26.1740485730427,25.7426632784328,26.8047261428337,26.9850857999162,28.0660275011483,26.3826230648752,26.6114807017154,27.8046993245618,26.0819133600028,26.7263990278079,28.1043707841032,29.3374680228382,29.5630702976609,29.8443363785458,28.5226157768132,28.4304272807323,28.2947187656551,27.2018819371254,27.4703128035743,26.928662166579,27.2844398293209,26.7991435852137,26.2535927408024,27.4772712217293,27.2662493988821,26.8779101986741,25.7911990455375,24.7997890203655,26.1182363487851,26.6587565627139,26.2034744254322,25.1039358431499,23.5346132651013,22.2975284073619,21.619208092556,22.4825150487143,21.702055446448,21.1773726792533,20.5959528052357,18.4717810805669,19.0308208491051,19.1314873884073,20.2036505883602,20.1726185905683,20.0452764485424,20.4604066509116,20.8028126780961,20.016664685134,20.0194609600263,20.5074516564598,19.5455520105376,21.099432359466,21.4981228859757,20.4253511693602,20.9625004726333,20.4738067225444,19.6420869260407,20.7225721983382,18.064887682941,17.3966563327817,17.1367922790356,16.419339542756,16.5259591235629,17.0190450017827,18.4177181156276,19.0930093607845,18.7150220678886,18.3247054301516,18.1807197234838,18.9053373355316,19.7721045707115,21.8246672966292,22.4610031638267
37.8407601008551,36.919829105306,38.1392815816543,40.0376019249656,40.2417665404414,40.5741671626806,41.1128032850111,40.1197773452281,38.698030518991,39.1155928760625,39.2729928068816,39.4930289963291,38.9583473259874,37.636911622696,37.3771589779458,36.7736294791581,36.4063625634674,36.4476711830065,36.4706887244416,36.8530120715228,37.6178683719017,38.3085584406193,37.0445994169416,37.6746874450739,35.6873395327115,36.940694563902,35.5361120352232,36.1831937988796,36.7585333184136,36.260436634218,36.2525445005726,36.9440066366261,37.9200000595009,37.2084626444735,36.6586814719253,37.6516470429252,37.747871861943,37.9857415538616,38.6330028391581,39.1563435649372,38.2440796797579,37.3734765239195,37.4273690276034,36.665769374674,35.5828528544407,35.6665365471363,35.3985814926615,35.2021232885037,34.7686342857394,34.0454393924256,33.2384458401245,33.4385045051142,33.0508054608622,33.7555739255096,34.0991058446588,34.5117461238669,32.3164708238955,31.9129190170292,32.0127877103737,32.2977669918963,31.2504038870253,31.3952938530476,30.8475788337159,31.1838724412327,32.6595588093222,33.0214582989342,33.5978909934626,33.0914359709206,32.6173906803527,31.9796309620745,31.3564431052796,31.7913611772818,31.787666130495,31.2279782119427,30.3054628409665,30.5629442582118,31.3339165193216,31.8317324120608,30.6785176559296,30.5205889532285,29.7401490509886,30.2483398705658,29.2767092255809,29.1522441601805,28.9136373814969,29.566477005161,29.2711658002628,30.6016314636932,30.8509242904014,29.2348355125037,30.3691738904701,29.3406443820536,29.6260691504119,30.1993923089844,29.9917352680097,29.504840698639,30.0507910594184,31.808460330696,31.1747862459231,30.4774699579216,29.1648971996312,29.9047306961772,31.0953183621737,30.9179222944799,31.2256523081721,31.7343379410368,31.1728648437722,29.1660110509361,29.3766497878428,29.3092439050295,28.800483485938,30.274262383583,28.9276564446891,28.5501538041122,27.6028068679412,28.222955380783,28.457208644045,28.2751743414634,29.1536957130097,29.195294741524,28.5111770382973,27.3315896156439,27.2334893217781,27.3197964594413,27.0835950818339,25.6415798372143,26.0650312219476,27.0667419091265,26.8989154941571,26.6510443664661,27.2001488409842,27.2607602723289,26.0295436266205,25.1891890789253,26.6206377304268,26.7058344873755,26.1723692558498,26.6356837055719,28.8682183177464,29.0141091893936,29.0800086497173,28.5242958515617,29.4592246155371,28.888758001447,27.8538943909607,27.7839799697291,26.4489901205698,25.6192480273041,26.7571752842398,27.2325937245043,27.7256248091695,26.164107329166,25.2670239157346,24.9479727201175,24.3663059896539,24.1522636173346,24.9143326393471,23.7020936374549,25.6720419586544,23.5412106724446,22.5984345738068,22.753189677965,21.2221769048195,20.7490292260079,20.6222859249434,18.9263399546873,18.7431662960009,18.8839099897977,18.5323163637742,18.9529810086715,20.3642527399076,20.718001731075,21.1290472096215,20.3878691653821,21.1264387348741,19.6289466255999,21.7618450953739,20.5792204934006,21.2494547161897,20.6997341447136,20.9978526081719,20.9363397223923,20.0373878998316,20.3215685147811,18.4934738771636,18.9194507071279,18.7654365285432,17.7671938477115,18.0376166835812,18.1105248709719,18.2102383481117,19.157836173839,20.1494697620677,19.3299041653707,18.886802242723,18.9660563701974,19.6721484279651,19.4789859362858,21.3264667027279,22.7609153812737
39.2718689875844,39.4568686096944,38.4792795386388,39.3554657360621,39.2122592414142,40.489917439009,40.6835047786368,39.2762878907335,38.1649734523723,39.408832679775,38.2613215894928,38.6552213220998,37.5725723481081,37.0785952565143,37.3648543429107,35.7796146299951,35.3476810262218,36.3392895648347,35.0714047136981,35.6727617241793,36.7938391476143,37.4958776893594,37.4078406919421,37.1704764552017,36.3258297113674,36.8316941849478,36.5194538360043,36.8246234769977,37.3802573302818,36.9707086811577,36.8163237847258,37.8714492617499,38.2458844179246,37.6680719752243,37.7082812806558,36.8516595611834,36.4744204568975,38.3813663859118,39.1047391023729,38.7183247793646,37.6692758851257,36.8306555687734,36.8881203897131,36.4625842323219,35.7703682925458,35.7152520623112,35.5601537174144,34.8153010986211,32.6602690767339,33.4137765818497,32.9941190414502,32.7234941451136,33.7708338596199,34.3094999796649,34.4480862636168,33.8247931548637,33.5969706731405,32.5557118760059,31.598919570772,31.3305755886548,30.7985904457039,31.1206074158738,30.9487792549638,32.2779268099455,32.9015192153838,32.9457729062276,34.0891674587442,33.3419192036894,33.2186988270244,32.1795538912418,31.9558123892387,32.0551766990633,31.5327002588729,31.1790372481199,32.006459273083,31.7215440501764,31.4057955179108,31.0612661055163,29.6989990183985,29.7478531667334,29.4546364344487,29.3885804115822,29.8645551173967,29.7546237178657,29.2729570814419,29.532078391919,28.982438863259,30.3094195013378,29.6269163121477,28.8989620743497,29.0267416518101,28.6148822887847,29.2058612882619,29.0636320029139,30.4770153841605,30.2924085182973,30.3733773486244,31.1138930790092,31.1139963247955,29.9318366601115,29.0887722055725,30.3297457091371,30.538569426516,31.7061970685506,30.9193425662205,30.8559187316369,32.1235895920521,29.9652368274229,29.0323350404791,29.3676809347734,29.0732125013848,28.6594318675441,28.0996166458727,27.9285966228943,27.6889973001465,26.5411219914,27.8064861819393,27.8440908372821,27.9840583859909,26.9062449068838,27.3280224232585,27.125020615153,27.2304888955284,26.2511526884642,26.1436738946442,26.4047363241244,25.9402516367538,26.3876832780102,26.7955270673953,28.1950132632081,28.6702527727676,27.6878665982613,26.4760992856521,25.6398557518786,25.1014718382004,26.273241690689,26.7833430071691,27.4983919254617,28.6447064937096,29.2224988615132,28.8223580850747,29.3240975851697,29.2250983766344,27.9351668373337,27.8027624180332,27.8855989517279,26.1622459302627,26.3093672443078,26.5632187026626,26.8314165532965,25.6114623474151,26.1162292160679,27.069044676153,24.9464330697249,24.3151690709609,23.4703592894882,23.3355960000062,22.5459311486147,22.7071914332715,22.8504057622686,21.7696633686442,21.4900876425708,21.3663068658751,19.1306968614792,19.9154175073514,19.0609792510094,19.1201432051222,18.5577268671623,18.6565547075366,18.5690835450417,18.8479224240628,20.0339359918912,20.8429760054638,22.1211998546159,21.7956322169415,21.5351338890915,22.107448594467,22.2822248310767,21.9308787938571,21.9101064873851,21.7310626820618,20.3768166711891,20.3122695448404,19.4884311269743,20.1124655469943,19.0130916851115,19.9328869172174,19.9467702689195,19.4993496116976,18.1258555096372,18.2830180989609,19.0257894308853,20.0393816651918,20.8892426569551,21.6174416595132,19.753734334617,19.1661210298876,19.963283938636,21.2445532785598,22.3213373280064
39.2313724536986,39.2201342377145,38.8428123343142,38.6808958104118,38.7236417556816,40.0957345054737,40.5920788153344,40.1242593104635,39.4412506687057,38.9775497606395,39.2643440453988,38.7490185366049,38.7722556924745,37.9283890564144,36.1186063966245,36.1252724484707,35.4697766989838,36.4719652711177,36.4408249847515,35.9239103524264,35.868388354982,37.5842391835163,36.7537352813821,36.8106383293344,37.5415213494861,37.34822151722,37.8398109563723,38.0731976773367,37.7879744052818,37.4244722828428,37.073645200684,38.7810753521503,38.223498039982,38.3823436910678,37.2174832272563,37.6650482176212,38.2743205587355,38.4063390126724,39.1873628193421,38.4955053710281,37.7200698860145,36.4784444621803,37.1073998327123,37.2022449632666,35.424681963312,36.0692081555906,36.4378493861011,35.2907384343366,34.3361045654225,33.7719007520874,34.6329153277803,33.8334011317597,35.2570808027594,33.9031649475575,34.4105802742609,33.3263084506227,33.8102359473819,33.0537571935021,32.1106018796461,31.6072256683838,30.9594558068995,29.6246656614042,30.7840957853122,32.0957194668686,33.3130362639713,33.3058788342222,34.4830757804193,33.578302923542,32.6396991056621,33.33387002383,32.1056353120387,31.451932786575,31.3795819440106,31.930792267956,32.1948700919617,31.0911655943547,31.6345534697853,31.0631700401758,30.6013845126135,29.5524661317733,29.3153829050732,30.0577499300578,30.6550071675918,30.9791046000956,30.500586176103,29.4980577357746,29.6138250711663,29.4000477753554,29.6448653412882,28.6529114162789,30.7687148902744,30.4189549566503,28.9136047174373,30.0641305758451,29.164652690504,30.2450736865491,30.6143231822156,31.1060352366612,29.7140865906205,29.0716857312773,29.265770453867,30.4721072513844,31.6694497875168,31.7113937194577,30.4869370581927,31.2972657642258,30.4945128806327,29.5489584155848,29.9361028240375,29.5615695440355,29.8512934164664,26.535728306934,26.2714355945206,27.3277499503292,27.1164784867593,27.5702561615631,28.035448239201,26.9163094568601,25.7794137919254,25.1494387260517,26.0574824006869,26.2178827777431,25.1474179966232,26.45446567711,26.6929118103803,28.017466299759,27.5743728147937,28.7173389459807,28.3736207497929,28.132931335989,28.3761204417765,26.7579303499409,26.4534374813336,24.5427072426021,24.9984699885046,26.2432610830083,27.003077481915,28.7276265687986,28.5228322065531,28.8371697268248,29.0395735464723,30.1455678659581,28.9837126274673,28.3585881382512,27.6251102703669,27.1825718066143,26.9707444292854,25.9006592351963,25.7973618003768,25.6213466320652,25.9716062264536,24.8050858846533,24.4773536628288,23.7651371391934,23.8264940726353,23.6378516874027,22.3526483166744,21.5350746633759,21.5055451765877,22.6139764947349,22.1761264294893,21.5887171359226,21.2436501572384,19.7823803471752,19.0203849560719,19.5266063534088,20.9378765114306,19.6325250475896,18.1400602596935,19.2775478752923,20.2108335822094,20.3879972075173,21.1926940628559,22.1514681968494,22.1851673900361,22.1262501595083,23.4012490468136,24.2677896673526,23.7283186792365,22.1914276948547,22.0799139937862,22.0821315575025,20.9142425945441,20.6415221577313,21.8738439496785,22.0851218299807,20.8825325923159,21.1241041744946,19.6866133836393,20.4118751213872,19.0504553296522,20.9520265535292,20.64377403294,21.0237071976252,21.6234320778971,20.2743916101414,19.9541482119409,20.0771561880718,21.1055532992681,21.5238731680011
38.7548766307272,38.9654172244463,39.0552171452429,38.5519518444543,38.4494200138102,40.4161838187628,39.7863378252831,40.2609136677752,39.9126233212876,40.9183357661677,39.4707293772861,39.5769965708329,38.9246687130337,38.2047485541047,37.0890326633955,36.3191864426502,36.4092893572142,37.1804459462823,35.9800431983655,35.9188830563117,36.571166414168,36.8880311563663,37.0794402721217,37.0522737964409,37.7201349814352,38.2882200778053,38.1058880273553,37.6992434301709,38.1509274137504,37.4685187995235,36.9210419003337,38.0303485459346,38.992048524695,39.0352507619865,38.9957985384434,38.3444560656126,37.4054146854505,37.0333235784773,37.7880424902489,38.3229411188493,37.6588333158466,36.7251257337002,37.1294833211889,36.9850622683048,36.5437393771148,37.3453338325549,36.5086840788348,35.6539413045372,35.0995139139481,33.9154101784932,32.6938539043873,34.1054527129044,34.4352815333508,33.4257614972954,34.0148770982752,33.5730280549192,32.6827372787822,32.9358229434293,31.6092816020883,31.2385750056484,31.1407567811566,30.5725400179453,31.2749048357036,32.3008007561775,32.7059296193729,33.7780225162748,33.8409629455246,32.7902786661159,33.1966751806395,33.3439309483236,32.9965334074755,31.7486588851195,31.9506770914531,33.3759834752836,33.1865006777593,31.3264323170288,32.847291521235,32.7429425807567,31.9174590424999,30.6262914626657,29.0277550598533,29.4938072340197,30.4083048663089,31.1597025604187,31.207015701494,30.5481903864762,29.1639263636339,29.9982340520544,28.7466927710079,28.6992685255704,30.2962936515659,30.4977737373101,29.8579996247535,28.0831380056702,27.8500707380629,29.3047793465003,30.5133673975321,30.2671386635288,30.2902794408452,29.6434864529589,29.7587960875574,30.7962226277181,32.5174567688372,31.6644694598593,30.673986143078,30.5266306363741,29.7410627228789,29.7434581388877,29.2354211401444,29.7172510568105,28.2753097777535,27.4990657815781,26.4779050458511,26.8154295527921,26.6059680680211,27.2525467285525,26.986354106937,26.127449830501,25.5978019652867,24.5752473903298,25.7294809523332,25.7396989891073,26.4884685274176,25.1333854614094,26.7334618796798,27.8435813688938,28.6860302258764,28.8787509702778,28.7493696453139,28.7448687241483,28.5711345386106,26.3599307080277,25.4770860068824,23.8127388872643,24.6871715631166,26.6865844322086,27.240168432413,28.7153016876712,28.7398159589503,28.8835161162438,29.2049973786258,29.4479645030535,29.5695857865052,28.5708126161281,27.5896945179323,26.7232657883109,26.1824503573208,26.5091106174568,25.5553638034606,25.6789514045507,26.1602031035335,25.046738347465,26.0825603140866,24.2114582422823,23.4695241368687,23.0589331399973,21.8807643131986,22.4198220746442,21.7827746677182,21.6548168624162,21.2563572693423,21.6929271823611,21.2753362251522,21.0955784032325,21.57489231044,20.5892433943517,20.5802846932943,20.2025355607346,19.6842656464837,19.9563690867008,20.0058477107551,21.7241307964294,22.6350482457085,22.9101310147887,23.2547978141106,23.6451492681179,23.8631454156149,24.173707420666,24.7735982513281,24.4797024680143,22.3983588576639,23.0848179734728,22.2074427950408,21.2909497176661,21.8419037359053,22.2302061216481,21.9296725714319,21.3485882132091,20.758552805913,20.5939408353979,19.909458882641,21.5005002056875,21.175458988745,21.7411324900985,21.4261681856147,21.0192100813267,20.9535664019548,20.534631710364,22.1816444534,21.0348113508151
39.1693902641652,39.0082774789331,39.7943253154411,38.7237542722002,38.6667921902101,38.2330087386002,38.8282533549179,39.6086755490432,40.5700603035633,41.8529175566524,40.3793895811541,38.943104143962,39.6372870596622,38.4641803047665,37.9757154281264,37.2611023110531,37.3298726728849,36.978208372832,36.9575504017361,36.7172375372109,36.060359621868,37.3902547699407,38.0238439731589,37.7623165956612,37.5404577079698,36.881717477127,36.1296772330222,37.1670226363413,37.1587014421847,37.2041987802652,37.8577654147525,36.5721951344725,37.6437995941348,38.3320252332346,38.9778375026155,38.2275885784598,37.2557559102354,36.929396085953,37.6038669940206,37.2009398775599,37.3758311763379,36.6124914839941,37.5932857794114,37.2068063501298,37.1119400471107,38.4809275020458,37.381334125456,36.6795211650511,35.6495812302367,34.9627282833601,33.9735982759016,33.2323334598569,33.7612060405131,32.8425199778942,32.2879607025293,32.4882026069341,32.805369931858,32.2463520410123,31.5344258202617,31.4457146050587,32.1959281090066,31.6885269269823,32.9121612596007,32.6167984703441,33.5154849108943,34.0047655028095,34.1104835496461,33.4121500788309,33.7980702338934,32.6305567279224,31.6208413758806,30.9332149872443,31.9836199666749,33.7696734915635,32.4582413652639,32.6684161831486,32.9140253787365,33.4682996506514,31.7413294112051,30.1346548262292,29.8702544420854,29.4918023830044,28.9032960141776,30.1154314320525,29.2135682726249,29.3789423031367,28.7989632586124,28.5721906300062,28.2143911701997,28.2681510037809,29.7638312464983,30.2686234272365,29.7668766002933,28.9799528983695,27.7990847453978,29.5778300724653,29.7347765832279,30.6166144469591,31.4750291785474,30.955651590378,30.2650381935483,29.7051698409808,31.5416092167615,31.9634983719912,30.1908264451432,30.0688467761332,29.7153548543825,30.2092945227481,28.996525527013,27.5956173695445,29.569192007101,26.9303219411784,25.8621014911764,26.3554226947776,27.3040991499934,27.1948419147452,26.4965447112017,26.1949610419593,25.1346610675877,26.0322497459757,26.4403985509322,26.7967114941701,27.6178649045433,27.4492632359969,27.7759289864185,29.5471113134142,30.5808252871267,29.0734709101176,28.8183903550391,29.1494324113496,28.18558607532,26.4918339774927,25.7599190188862,25.6550738173518,26.8412070876477,26.0676860442018,27.1199640269606,28.3880059240258,27.82932618011,28.7085800201106,29.3279288898031,28.5796491543992,29.4179185651239,28.6829342230087,27.8805453649191,28.0729002082792,27.4467898182336,27.7123767444897,27.4618758343644,26.0300664712441,26.978956614615,26.0633697253892,25.3900130426225,26.0555005672048,24.3007050364646,24.6895616835824,22.5917285430831,21.9148122818597,21.5820971016492,20.9210684390099,21.2881264301946,22.6351507773089,22.5200247339873,21.8689493226667,21.6723936805825,20.7718813099848,20.7432806311911,21.1253284629989,21.0030229870151,22.3447375842506,20.4319641324476,20.5493474335879,20.518644175948,22.8350002679837,22.753748890627,23.0921206574665,23.7602327604157,24.8734692106274,25.1651535531495,24.644449919899,23.6883092394198,24.1135091734919,23.0629495971068,22.0279884427174,22.5879168802138,22.5563530772409,22.6218079879325,21.8998425903921,21.4632736795633,21.6835974892683,20.9518397912474,21.7394775758317,21.2062387927716,20.9161656917372,21.6663620302922,21.931922632354,21.3168763011274,21.4645177276321,20.9198253738477,22.3757834688339
39.3904674636166,39.1563134524888,39.8817987460514,40.0179795095015,39.5599159032036,39.2238979013049,38.917102976855,40.2644765077956,41.4123287775024,42.8062976137185,41.0335665084391,39.4946463402175,39.9009545693265,39.718984536593,38.1879079526387,39.0192671346609,38.4495808000122,37.926739608603,38.3869401887427,37.5201456344767,36.9503275409923,37.6027587325918,38.6408123661331,38.3204433566049,37.1962870712542,36.791979659919,36.3082612825244,36.2016648732081,37.0195899993826,36.4605184178263,37.3590423446408,36.4293559481464,36.3292627589258,37.0058716959251,37.9396158227476,38.2571859598246,36.3866325156395,36.9612318254376,36.6903223387316,38.5101579645273,38.1742234503892,38.2195011485894,37.2192313614072,37.3279152689307,37.5909281291651,37.5631099624134,36.8369328371188,35.4687184309579,36.4532913532974,35.9374231861605,33.6755991501788,33.750488554094,32.9241986385205,33.4334991997265,33.6431017190204,32.8970085873443,32.6053173742319,32.4868433348574,32.3486781310983,32.1395641740082,32.5944149128846,32.0264464884119,32.9708305359311,33.4235459666433,34.6684752297804,34.0129952173097,33.7452477715112,32.905372243022,33.4116919917138,32.9353352903966,32.7565166612589,32.3228267030888,32.2748408860319,33.1088271445199,32.4558081260734,32.9541665339862,31.9398810789203,32.9098448588422,31.096286502119,30.9950146344514,29.9728364080343,28.9607720092912,28.5946833811363,28.0290240837329,28.4934658449332,27.9876497133574,27.7663726854052,27.6063538328956,28.3618068132907,29.4995449039357,29.1363949536672,28.8843685851492,29.1437458489968,28.6252025730902,28.3761915123841,29.3530529736906,29.3904918626668,31.3085490244904,31.3122777379728,30.6280120922321,30.7038961842862,29.5601480728713,31.1983521646854,30.7476444333527,31.6305267448871,28.9769821873459,28.3679316673127,28.3773736205486,28.3844007480943,27.1561025009697,27.5440352399076,27.6778072394785,27.4164305216101,26.4416684462469,26.8203500253544,26.6396625683311,25.4242631980041,25.5293836124384,26.3591352648769,27.5042412408599,27.8963474718136,28.0436123623036,28.7555632659655,28.6462286461823,29.823477352786,29.5270355834291,30.7151388414031,29.634119996887,29.4202967099752,28.9262379332101,28.5324319163925,27.1195143931714,26.3401294957152,26.3153536239132,26.0232717248894,26.5719023773798,26.5916706806829,27.6928711183083,27.1426053254958,27.7737456011937,28.5846983938708,28.8287596687647,29.210611248636,29.4001641685364,27.9967032704504,29.7154236553851,28.5561343080687,29.0474703809735,29.1364226911772,27.5465450633639,28.6558177590838,26.4310211400623,25.6784640281065,26.4121678925121,26.3989469413916,25.5760861457977,23.0243283060812,22.2623330139067,21.8778446737496,22.0721991966322,22.0999476934156,22.0099845498278,22.7441442312711,22.420759614343,22.7773715363368,21.9496061888346,21.4993672424747,20.5875904113968,19.5143028868629,21.5375283231712,22.3570294822374,22.5947508586768,22.8616588460726,22.8163248094747,22.2186182129412,23.7293992347561,24.5325088260791,25.02103648549,24.406247507575,24.044162849905,23.2729412922795,24.752451954095,23.0789921003251,23.4068233622303,22.5632589915158,23.3771024536055,22.9392143223437,23.3797168364462,22.7835657940755,23.1539607763131,23.160493703061,21.9812821929323,21.7132127614359,21.8741743297834,21.6732729475923,22.1103365475028,21.7254813027962,21.3478459942054,21.2887073596009,22.4840699367147
39.9396936136042,37.7169604968636,40.2951622872447,40.9758800361631,40.0877326290467,39.9313356518353,40.2683125031465,40.92932832178,41.0892307547329,43.2150307871266,43.29467958744,41.4987795584295,40.6496266370691,40.1023461134181,39.1542073635918,38.8373336918971,39.1216154829417,38.6006997796378,38.3667842941329,37.9101498773026,37.4826608809967,37.9091534421834,38.1180162049397,37.6516766456275,36.8928180572575,36.1036492411095,37.2454187664458,36.4512088334257,35.9935732539917,37.3017881195397,36.7962426711702,36.2260691221678,36.1821478327369,37.5542848780389,38.5489173448258,38.8390680004612,37.9130933587921,37.4166484042211,37.9536309502545,38.9055401094631,39.0014425851762,38.0221148926788,38.0575238840268,38.5284555133576,37.5515433139505,36.7360270426325,35.6585947715601,35.8193892884564,34.4050134750824,34.4903786473741,34.0473182935287,33.3542380767569,33.5362536629656,33.2791454262313,34.3398082948571,34.0717292757422,34.2058727069193,34.3991632623251,33.697144574762,34.501174282789,33.9657318184879,32.4930057288317,32.7303872874679,33.18980025132,34.856529899646,33.6065745532144,33.4953482922667,32.7642975299753,32.3206127511384,33.2705729245507,32.6382349972194,32.2481878670835,32.4323655817982,32.3216275193387,32.2527712704895,31.1251176826367,30.3095432080455,30.7653809755841,30.5399665282791,30.3096254200668,30.5116444755735,28.7684818172963,28.1154684471042,27.512274642319,27.1714290146645,27.1858712037606,26.8994002284441,28.0067876921028,28.3525507775451,28.6093446624868,29.437164824892,29.7115894583138,29.3732961534139,28.3832529235668,28.4450146901029,29.0685140081576,28.4015816158921,30.1766539631111,31.5675360013134,31.1735128214701,30.0006303739941,29.836370258018,29.2867888149488,30.1356371990322,29.838422400136,27.2130360623955,27.6276343320133,28.3863565431479,27.5916346365888,27.3877238202673,27.4072922021748,27.0466425752285,26.6719599153957,26.2473837154281,26.1489116463102,26.1647726358614,25.4788152126739,27.42850107755,28.0811810052616,29.4725617251079,29.346842225222,29.631315000901,29.6602223244255,29.135179180043,27.9080485257034,29.8714987590106,28.9473489375193,29.6111780334661,29.9302516084586,30.0677783514368,28.6168558653049,27.0096917988943,26.8127376331272,26.7363118423521,27.2456339927001,28.3509729918044,28.0370395095877,27.8192923603561,29.0241044959834,28.8583736518804,29.2072246149147,28.6363380626109,28.9480928792404,27.9591835200344,28.7047377539513,29.4683750229876,29.3533646266083,30.198884578306,29.9994805636473,29.2410495795526,28.9707785345139,26.6062104063959,27.1765398543914,27.6046094898795,25.8620495381046,24.1729004757445,23.2210602766977,22.9949827169399,23.3466054012952,22.4811723110174,22.325878505576,22.3316990135456,22.5080566516114,22.4346505504375,24.0020260047104,24.0790678750093,23.3830579228762,21.441211380494,22.1307343394189,22.8246905495853,24.2433663457983,23.778617295346,25.1476704903656,24.504546904858,24.240088358619,23.9933972838162,24.9505922530282,24.8277916789645,25.7055400999706,24.8158352593777,25.0848085488726,25.2242131871491,24.3354527465889,23.8561452718022,23.9247156434574,24.6505171404508,24.6662760327544,24.9216084464692,22.8725194075593,22.9146524302945,23.8758526592952,22.2527261551938,23.202699156968,22.7899554730009,22.234934071487,21.1224503184459,22.3911856286873,21.4846645111336,22.0610245912578,22.3183120493761
40.5268862613584,40.3894426176393,40.3801312540158,40.9170185257744,40.623753411966,40.5068639726533,41.9637803665245,42.2575082860913,42.2868331514598,41.809415700959,42.0029552923612,41.4600747733162,41.8722161416963,41.6984022095937,41.1061714990026,40.013678619047,39.476052969866,39.0610406228446,38.9421150474143,37.9445273278108,37.8223213540214,38.5980700086596,38.2744214979071,38.1108856014632,36.6314778193587,37.3513961629833,37.2606014658775,36.3114023220349,36.7719443482357,38.303917950654,38.5671714629298,36.8557096287877,37.7595142169953,38.6487965766952,38.7072995182871,38.9983581831363,38.3749890208836,37.8627793185105,39.1804956885156,39.617650142805,39.2344029956276,39.472587953877,37.8269115998657,36.6250396835893,37.4689889272064,36.130442169537,35.3949338089466,35.6220766753938,34.513612576003,33.5737841152234,34.4255368394019,33.9409001803683,33.1480100429331,34.5797826005666,34.7770035269153,34.0138037803338,34.2653817749548,34.1935815304617,34.5528842458297,34.3275678197715,34.7239679211317,33.4512722036365,31.8030510865105,32.370716257616,33.4188073003232,33.9049875502568,33.4283534478612,33.1902651763127,32.991576479989,33.5566124850355,31.7890109857491,32.4261270294236,33.0543366127444,32.8667748576721,31.1701576755341,30.9942578527678,29.5007290015504,30.9585727945425,30.8738215977731,31.3294230713601,30.1475134701506,28.0564561601966,27.8080622060735,26.5444590583906,27.3863196606493,26.8176831975652,27.711245156457,28.342539009747,29.3042447085059,28.3608786659031,28.3595900558464,27.6346932311923,28.4040176568553,28.4858969214321,27.8844667846367,28.907206062546,30.0545846693203,30.3471181277536,31.2602453692852,30.5804536262008,29.0662671767489,29.0908587538088,29.9410735553198,30.1869321336042,29.1807022402066,26.955996282185,26.3748632756998,26.0187818434724,27.4467452383663,26.6016506778784,26.3435596798281,27.6522290460137,27.0668313026533,26.1099771902085,26.0799646800283,26.1870332114794,25.4696024924523,27.3230775221006,29.2227408011658,30.122761452055,29.7940821595268,29.973368142367,29.8814573660702,29.9078549620659,28.3413715689267,28.8949682814628,30.0166471988484,30.0111803754737,30.5231737417604,29.7868708191681,29.6342269629225,28.4495473685104,28.1195867447767,28.1402261950629,28.7863194807464,28.815670543751,29.3255960936335,28.5335298751017,28.9609560111298,29.8760725802115,29.1299605576722,29.7834727295535,27.5943840216871,27.2931636112282,28.3331216235343,29.1799958213884,30.3691592973491,31.0590841962667,30.6270504417545,29.4835167592458,27.9541596705219,27.7157084314894,27.3328812608699,27.9704860433267,26.2894071066992,25.1593837181866,24.2985000579163,23.6668785064083,24.3129433793587,24.0650463402631,23.0601995755754,22.6229983508303,23.1658752175376,22.9068947884643,23.7817064825173,22.1885123385781,23.4350376505885,23.6035431232177,23.7296439618269,24.1367252762185,24.8613527742996,25.3043830874159,27.1341674372132,27.3239785411628,25.2524674182333,25.5536343249821,26.3797917024947,25.4504846955384,26.0891399742612,25.5386582585149,25.6856070346949,25.8339249673626,25.4750336536248,25.0270405860756,24.9316500578909,24.68593215163,23.6651335717103,24.1204497253506,23.471302334211,22.8919586440348,23.2317009047514,23.3153804987261,22.8236277847377,22.1989090935592,21.3485850466668,21.9831757335399,22.4564707114149,22.6362307228737,22.8164784588461,22.1291827483235
41.5098240869684,41.2184163818202,40.6606614647917,40.2888386549445,40.0270482171863,40.8655013145969,41.9402658559572,40.5187402546424,40.7315515157694,40.7945895249332,42.6640430002182,42.7198951050763,42.0562135849267,42.6063938708524,41.53877172061,41.4864047279115,41.0740211427506,40.3584622135675,39.0460806145582,39.0248205877846,38.2390039120956,38.8946918887836,38.8923951169132,38.9824445969047,38.8237185387802,38.3385238671136,37.5756268124762,37.2914267427767,37.7125681913276,37.2846675031412,38.5179380585332,37.3056566282343,38.2568718714564,39.3346762250172,39.211507004619,38.202601162661,39.5427503035463,38.5215229828779,39.8861482652214,41.9038954706161,40.5685062181335,39.3817081148108,38.2880928198294,37.1491140324968,36.838560514212,35.5005362422997,36.6586109989059,34.7759607303043,33.9808069397921,33.3152357114879,33.4459631188299,33.1370260967716,33.6230762112935,34.2075767317056,35.1224115806663,34.1058880151343,33.9394274058605,34.5844903049697,34.1827790357173,33.1197400406249,32.7204311276074,33.6233644073693,32.2880009532113,33.488702355046,33.3040144772423,33.4626764021113,33.2356976447172,32.6633969303566,33.6354149082146,33.4859986391859,32.3189294215632,31.5820048081315,32.5312843702202,32.1700752512371,31.7560852758398,31.5049933469901,30.7370755514972,29.7986991568626,29.54103601172,29.8679721373573,30.3326398211955,29.0626304257913,27.3483438080777,26.1031050762599,26.8587784264548,27.281684122779,28.1201145530275,28.0997713655894,28.3219197966913,27.8151282035126,28.4231034844836,28.2557271723577,27.8298903728152,28.3556344253765,27.1797792779542,27.7867596937311,28.8093406411016,30.3307539947793,30.8612495111261,29.5312983056509,28.4129240312053,29.6423741618399,29.4621291901839,28.8215119940611,27.7630375457552,26.9045348752543,26.0892819133084,26.030765348376,26.0283286827722,25.8703027863546,27.2586007440014,27.814757749156,27.7081013580841,25.8969403171201,26.0739591443438,25.8002945606089,27.0544522080691,28.1504994517359,28.4269721672017,28.9692379594847,29.6648712101538,28.8241250552632,29.2378502111059,29.4684796626302,29.4093765831309,29.0461114826727,29.7037145788266,30.406928696224,30.3710778511029,30.200158504943,30.9443084664504,30.2419995725866,30.1455677301427,28.6807219183776,28.8156516892017,28.6022120760089,28.8166572179134,29.3356780518478,29.1949066253352,30.275114235719,29.7958440702505,29.0531854672535,28.7860486335327,28.1223576110403,28.5706271094657,28.7585897853212,29.9612335446996,30.5654254827124,30.8906167785358,29.1580059369746,27.5865252259668,28.7155437617414,27.4193579988672,27.2948446825403,25.7931153520149,25.984001883825,24.9291117778385,24.5824875407894,26.011534520735,24.9321452490754,23.5480483042166,23.0272326069789,23.7925618450497,24.1028860225668,23.1908211744972,23.7927445072401,25.0024083785881,25.4796030729969,25.8407464478684,25.8397872127265,25.6512391582131,26.2047091142765,25.6828712917561,27.1325049708091,26.8577566368504,25.3797877791005,26.7829205795784,27.3224884536671,26.9390395396348,26.8659943260011,27.1585612445974,26.7505434621031,25.8697482639135,25.8219026735786,24.7640152360624,25.2243826341017,24.5524967328476,24.3231381967517,24.8863060723442,23.0352245490411,24.4186155632425,23.5868953473347,22.7296911098882,21.7901264993788,22.5561085290248,23.1466488110792,22.1432927558537,22.2317829042966,22.1453236803422,22.2730732384646
39.5356418916572,40.5807005726818,40.365580664123,38.9015989100343,39.8775126415949,40.8235150063907,41.4630588114969,41.0445842005293,40.6872650945279,41.0610876274977,42.2895844155865,42.3615254517275,42.5929679196491,42.0406492438908,42.3001644601318,42.2631004604271,41.3089447795784,40.2832796628122,39.5124258839937,38.3956325814581,39.0658679834588,38.8348136476089,39.167818395815,38.9226046687496,38.8196624746606,39.5611905691995,40.2768589672441,39.2513161913418,36.8122919693925,37.3485242174659,37.9457848176549,38.1497494149172,37.4003559535946,39.818937786185,38.1937907043206,38.4923637254345,39.4601581656585,38.8308867786919,39.768590214905,41.2917787941006,40.5213126372804,38.782664330433,38.4563043584157,39.1802291020065,39.3152127774627,36.6867450977838,36.3466348840193,36.0308530887744,35.6834266647532,34.3676775249861,34.6064268467101,34.8748575805041,34.4903769705357,34.1929070864504,33.9990004522477,34.270258604995,34.4777051783195,34.2330325990029,33.8119863893306,32.7802810903478,32.9451130238918,32.2506508255973,32.8005341676204,32.2791758778259,32.7251644526636,33.3764616233927,33.556217360515,32.881129242037,34.7683729851828,32.8663218917738,32.3863028812701,31.5698131429236,31.609596662088,31.7576309514655,31.286170101153,31.4675585620068,30.4151388346829,29.8454740697761,30.0541798924517,31.1289453118279,30.5988486027447,28.8679503283968,26.9921719101036,27.2083512885827,26.4778830497017,26.177063151565,27.1399779125548,27.8363107743732,27.3638051551033,27.7277032867465,29.3013445368681,29.0934396617243,28.1889504814017,27.3623353879029,27.606598169286,27.2398694962966,27.1781055798403,28.0207151287651,27.8444803131645,28.3237128012094,28.6856677588552,29.3790418188067,29.1883049855137,28.0902665505415,27.6226731181285,25.9055161948948,25.8984208186783,25.0337880358217,25.6732757729526,25.4619977474778,26.0475372146787,26.4386516980032,26.4114952740291,26.874384207079,26.7044984221916,26.9900642944173,27.0007247807748,27.5243698102364,28.0279294912468,29.7693286355808,28.6887594230918,28.4556041624119,29.9100678260361,29.6812226101277,29.2117212799668,28.1696914677248,28.1473308221423,29.9030775289081,30.3997164441085,30.8265998113703,30.079447217196,30.7086385414477,30.3381641381384,29.7748417755506,29.3113339740751,28.9844634059848,28.5256374253961,30.5500539133842,30.70473837043,30.0667062177321,30.2192580729131,29.4225434809043,28.9127915590904,29.7851950710216,29.5988631649412,29.8813793322385,30.5446204038951,30.3798281943802,30.4923032832234,29.6915637016648,29.7612940327454,28.096448162782,27.2860478161087,26.8744596255779,26.735397196128,26.8363559601706,26.2026834722091,24.9595513327463,25.4785686318645,24.7509739526487,23.513319215007,22.2774489310931,23.8766778243534,24.2280886556737,24.5441624193092,24.2711373252092,25.2329236221563,26.7023556103474,26.2227404649598,26.5033235296404,25.8099448029089,25.4679353070214,25.843642634472,26.5434450383647,27.2257429110338,26.5919513355244,27.3325376267344,27.1118613481257,26.8529911048974,26.2921748021381,26.1682723017294,26.2508588713412,26.1644465190337,26.0042264351991,25.0192635733571,24.3785885719218,24.3957482849812,24.3838540714539,24.7409984233825,24.8414372134414,23.5122673182753,23.6230764919392,23.0749019451753,23.5247319482751,23.2194641341076,22.9328135520902,21.9112625668451,22.3424521318728,23.3510297721267,22.2248408564025
40.5711915476136,41.0284783923585,40.3259942796963,40.3126908558117,39.4924670643245,40.3975664014888,40.4226183704558,40.4732425648927,39.5071624067286,42.1825606233136,41.0683954615545,41.9393771907446,41.6760657867811,43.0289172725574,42.3172554560353,41.8320584180309,40.2091707477886,39.6365709146609,39.1534980935226,38.6427251236697,39.6669777242252,39.8930271822823,39.2510048577255,37.9641974793579,37.6952263110151,38.7800893691464,38.6400460350489,38.6346766221423,38.3661035759276,39.081370361558,38.4307312964024,38.4580414435838,39.6738964975302,40.9233532122177,38.9042141564275,39.3781410148506,39.4239848392644,39.6157150408274,39.8861941637383,40.2930317636936,40.8513268412218,38.9231018483608,39.9842299881792,40.2415959110146,39.3885892103769,38.7070967850332,36.9441201666993,36.9255202689663,35.1370303933502,35.7871136601267,35.3849010459369,35.3309955168734,35.2205386118554,34.8200769522024,33.9185501832803,32.9088023090387,33.7841770524341,34.2291216897047,33.4773473526121,31.4917250105707,30.9965084536632,32.6009916227316,31.9918520013067,33.198138664194,33.1207542079423,34.055495119155,33.177377866131,33.0103703277383,33.2379911265193,33.3754402283719,32.9581959332114,31.6893346823233,29.695594116447,30.7860335221953,30.6103187723127,31.0212909666605,31.3476153778646,30.6052605164237,29.5886657256107,30.2457192675252,30.379534102103,28.666227308608,27.8883628006639,26.0553500333588,26.4509487865305,27.4349727528543,26.2706698883356,27.4380015766436,27.0044555608773,28.144036958229,27.8937785134133,29.5130803851041,27.5481334105981,27.2714534569856,26.9696396590697,27.7757428096356,27.026164617337,27.11625985827,27.6120286375645,27.5267518990578,28.8121029789702,29.526004825671,29.0404321290986,28.1941391683686,27.2552334172442,25.4593080639482,26.1608546587184,25.158608276234,26.019318260607,25.5165061799224,25.8472798859606,26.1612403641863,26.6477171259363,27.0251909572865,26.956832264535,28.6269009188108,27.9308927688524,27.7288901289182,29.3257810976984,29.5017563416395,28.903524284461,28.7052188711329,30.0639109228274,30.1847607626614,29.5673036543627,29.7327539595124,30.2819533186223,30.9267103886223,30.363075565113,30.4628300161509,29.3389405253581,30.6670923709214,30.9926647215333,29.2143439178742,28.5417664667785,29.7191285665549,29.0774148209151,30.1105493473627,31.0353701884071,30.5745775699777,31.0504102244055,30.4451510656718,30.0751660984957,30.1709837413673,29.4035376055105,30.1293087248839,30.3326936307206,31.2063226707908,30.6384748854183,29.5977314509281,29.5019771385316,28.1066549782197,28.5916391968611,28.83160294717,29.0782078607427,26.6026990720981,26.0421650870954,25.748833667151,24.6223053472378,23.9547574006457,24.2833591294006,23.5484349918874,24.3120479365624,25.0957474459794,25.1598973491927,25.1718289209847,26.1454830879468,26.2463534884631,26.2052884962953,27.6804044420239,26.2790864118676,26.1238630249232,27.1293010350622,27.3590969860796,26.5877181181035,26.5995192602076,26.1012915258226,27.200343046545,27.51932317997,27.0934816647289,27.3431511489102,26.7444442451461,25.3008635642377,26.0241945785708,25.273125681682,24.6805012129076,24.7820790018145,24.2374184574957,24.7613280009034,25.2030418184854,25.098836579467,24.0347734848752,22.5357381914044,22.185358997936,21.4282247769196,21.956039297099,21.3241409981686,20.3858553634146,22.2144590039664,22.1686554636846
39.3855526167632,39.0549175082872,39.2511655816026,40.170340450248,39.7528212344389,39.6068505202314,40.2282028322159,39.1974365113919,39.5750445933157,41.8479295608224,41.7445453203386,42.1009774794069,41.9010296099112,42.976220508383,41.9892169817049,40.81295908874,39.606674387543,38.9205574632349,39.4843445547495,39.1892691409948,39.9803740318602,39.0628309451959,39.0431846672272,37.8567189008998,37.9627905550555,37.6934834680532,37.4278535849256,38.4156124320398,38.4822463242562,38.6947713732961,38.2573422264065,37.8025668086387,39.8947605485821,41.0293160488978,40.5982655167478,40.4099570948632,39.7716925374367,40.2254531185092,39.6866290711271,40.2637167306396,40.2476821925369,39.8215955082037,39.5779824321294,39.7714971925839,38.6778297482325,38.4288281830288,36.4271746369295,37.021538728307,35.9078947583699,35.279207188226,35.2583294871081,34.859322253836,34.5963862739907,34.5946887912185,34.0937977670545,33.4482649382298,33.3040669600045,33.885434212729,33.4584895387118,32.6728224631408,31.3541638114353,31.5670796103571,31.6842065778051,32.8342158756466,32.593154727733,33.4745256234878,33.8602987320599,33.1661564580659,33.7186713459701,33.1056123239176,33.3303643714826,33.1734551068914,30.3369453615868,29.8637875092866,30.3989810874839,29.6193216160047,29.3485890096297,30.3921060087645,30.0373823407267,29.6681219700136,29.5071222543739,29.1480455379942,28.266120618401,26.6706759863518,27.069316200941,27.5131160156082,26.9126263636899,26.6335065594776,27.5251992157346,28.4648288977078,28.0104178479826,28.5271309301687,27.7693620473184,26.0666116101648,26.9554292493414,27.001894550922,27.4723628924119,27.474045395345,27.3176847539223,27.2732386011351,28.2452127714192,29.757179718553,28.9735002649623,28.4896086300619,26.9969443121875,26.5155358697439,26.5994356856099,25.6032036459378,26.5867378094737,25.4171359309435,25.8400168814899,26.6912262679867,27.3000140512911,28.3650603011779,29.1059313285228,28.7179634549773,28.6684044872515,29.2095326826364,29.2441464816309,28.898119996164,28.2485642005603,28.2990848207907,28.9433084077338,30.1571146378662,29.562513818359,30.7897444380487,30.9085222488656,32.1394767106457,30.1145055691532,29.759510105097,29.5354757094247,31.1149807673558,30.7749755938737,30.3089349159395,29.3419952244761,29.1973940796424,30.1735555310601,29.5263451193492,31.049466406137,30.4287267334456,31.8330805083902,31.3226766189669,31.1163323040935,31.1657427616618,29.5859024441481,29.5060089526918,29.4223963992226,30.5701861375597,29.8971124044651,30.1043576113583,29.4757448390807,28.2875333385169,27.9314617748134,28.0535609914441,27.1056631438942,26.3021294464904,25.5926307500748,25.4302077789718,25.5751632047162,24.9605969666201,25.372854402697,24.5429833411386,23.940420449463,24.1146509500954,24.6359947020205,25.6528995567895,25.3334587585787,25.5338106961901,27.1473132588976,27.1397882352978,26.9439094965241,27.3092017104504,26.7638499024517,26.1887001671888,26.8074231059287,25.9249774071444,27.0018927454848,28.0524908768834,27.797209859525,26.919573372766,26.8530916667763,26.9935099602218,25.249688023637,25.5153922262102,26.0384755282057,24.9516703635516,25.1531743189693,26.1695575222575,25.6204078801413,26.3034091005168,24.658250793348,24.4591955047537,23.7321177803733,23.854977094315,23.8953876044453,22.3732789459041,21.7972587659206,21.6542248083784,23.41183666723,22.4215601753245
38.5964043806262,38.8843432225836,38.8135350367161,39.0217280762845,39.1208939033664,39.4697207087223,38.8622866378507,38.5059358069796,39.7517856775313,40.8685255777893,41.462609830098,40.9976598905198,41.7696705843723,42.0219847963997,40.9072632683571,41.1426661082366,40.19917986424,39.1509689563261,39.201438471243,38.9460663846493,38.9597252332977,38.5295784096279,38.046036997131,37.0155205741347,37.7793415114469,38.2671367846752,38.0829873351066,38.5272555064062,38.465841727179,39.1666875917818,39.4915311432408,38.9045767389083,39.8734687098176,40.865462478131,40.9678081029408,40.2975682055164,39.9513276930114,40.8450514088762,40.9456736157975,40.6473565463215,41.4547871608205,40.4152524508421,39.0902641335079,39.6479750117865,38.910746773981,39.054981872739,38.1124818884195,37.48600700861,36.4234519623328,35.2446947657267,35.5804350660108,35.3201104878659,34.8033675229273,34.91546745047,34.4670884110692,33.4078432939025,34.3600387389239,34.2986258020971,33.8914307830716,32.9562757069943,32.9115581727857,32.9633706545933,32.8624620119052,33.3096577497026,33.4253185546041,33.337505690092,33.3089373804342,34.7650313110422,33.8238021403911,34.2719235527957,33.1578974315164,33.4049173015417,30.8503034024958,29.7142974527908,28.7663154896454,29.3817500447554,29.3183778307112,29.6870563325799,29.5359353553833,29.6807065511183,29.6218246006011,29.0045036718109,27.2672895681387,27.9640944450201,26.9750123713148,26.8128532264657,26.4153405894638,27.267868031608,26.7179229241849,28.5881330743545,28.1882594778385,27.7708184565509,27.9351816939368,27.8783460383841,27.5090624203989,26.8365647883628,26.5991698393026,26.928508255055,27.8554985134597,28.3481748302563,28.8921080043932,29.4298126150639,28.6638500064901,27.2350750259869,26.4860667978988,26.4861839919372,26.0337769352735,25.7741684575539,26.281071916995,26.3807136193551,26.2386406208913,27.4991964315937,29.2154237591239,29.1691044349472,29.2377242523789,29.5587201374562,29.4329794302638,29.2146022951659,29.4965335555584,28.9018821834187,27.7195138851262,29.039841740569,28.7275218352552,28.9460911254741,30.6669896081226,30.8052069726192,31.0786028864202,32.1659916767577,30.7800669013752,30.3392913976963,29.9452862144608,31.6187979171807,30.116354514243,29.9004792130737,29.1940950150712,30.0439487809384,29.687783546989,29.252919564437,29.9682018545136,29.9804432799033,30.8720110319833,31.0533437460892,30.5628475012417,31.5731607205719,31.2239973579867,29.8570609348926,29.9512239881319,30.7389955446657,30.4871531017812,29.85078921191,29.1976079311291,28.5781499410078,28.1993335758123,26.999109826843,27.9684842662256,26.2128347376112,25.9310985445203,26.0907391393299,25.9518486215374,26.1887381492031,25.6571794495362,25.7225284163408,25.4805910977977,24.3052669380916,24.2882110212109,24.2714232799004,25.2313442366003,25.4666935904772,26.6345018252817,27.674212007424,27.3445589814749,27.0987954485364,26.1487874874644,26.8093217200326,26.6150710947067,26.289269322719,28.0119814092337,28.7528375928194,26.894838266024,27.4425889877314,25.6910709548288,25.751055135187,25.5518603019673,26.3130623453018,26.1876344212644,26.1020470358053,26.0242232901732,26.3706981525126,25.5854812055598,26.0699879079476,25.5762811612155,24.801935646506,25.9903140930255,25.1899294862646,24.7882609157925,23.5718017689986,23.380516315699,23.7187318409621,23.1995461399957,23.5561391930245
39.1234134813794,38.7258736440457,37.6901619282802,39.686636444981,39.7748600101739,39.042036123055,38.8063994127738,38.1133208637031,39.9045363283768,40.9251314477443,41.6592504944227,41.9726241109109,42.6086655569616,41.5588209485302,41.8585099167076,40.0169528920693,40.8535898512137,40.2689808913694,39.0453360092026,38.5759003589647,38.6408195111832,38.9386695226349,38.2399809264856,38.0154967818751,39.068642821855,39.5141770763023,39.3206221725234,38.8169636171741,38.7609995809379,38.641961704274,39.3378421191865,38.5720565785913,40.4154838891661,40.631721206053,41.1994090719644,41.6871975157066,40.7135913873692,40.4511861356931,41.0777810992533,41.5444393260542,42.1608133897008,41.0730414054381,39.7651505865709,40.4225937491099,40.6199738648274,38.621547689666,38.396526826882,37.0910547412261,36.2472110064811,36.7660333533467,36.5547831313385,35.5051217375283,35.2632237270384,34.8653388115936,35.4638291559561,34.9589507538814,34.8204348466781,35.0318138248813,35.0373299564105,34.1053478483857,32.753030621548,34.2843662315915,33.8163221610799,32.8422951826972,34.2479018089438,34.3571584854673,33.7651779569163,34.0889544490196,34.3628572551411,34.5377127636314,34.6000828355235,33.0975118498245,32.0932581292925,30.9456900703173,30.3617858237219,29.7328775925511,29.2228041976098,29.2021320832083,29.0575398981369,28.9851110679329,29.1963241848831,28.115138165529,28.0405096714263,27.556282715726,27.9104549246305,26.9928145173277,26.7140431266258,27.5250207125319,27.9863104355665,29.1063640958129,27.3951801417652,28.3836281157482,27.3393525762428,27.6091277623622,26.7469046696689,28.0284788527134,26.631823841374,26.7208411031814,27.0746846035785,29.0582697108768,29.2141116108972,29.0014134627535,28.8250874241824,27.0316762916009,27.0650970233743,27.5833113439622,26.7094313199723,27.3665707798862,26.993038357143,28.625282782356,28.5195040085504,28.7064749315836,29.9508888524156,30.0527081112379,30.4643906831709,29.6177231598218,29.2370868034374,29.6889201628669,28.3375678027976,29.1664876489772,27.9717591576001,29.3904877000541,28.4749062286273,29.4613832281142,30.7896239191645,29.5461652467053,29.8632450441848,30.5974462495907,29.7787558658146,30.1806587144825,30.9421167708438,31.7604600051213,30.5024945866209,30.5723616460032,30.5577599171061,29.5459092098275,28.9337727060412,28.7440188076791,30.2483512748094,30.4762335399081,31.4079803453432,30.9976229219543,32.4456657421645,30.9799988839118,31.0193495228899,29.3869696754977,29.5098419684394,29.5305556185391,30.7891818065143,30.1920872153149,30.5890778201304,29.2901007474479,27.6800885131929,27.5417538208938,27.7225475835106,26.52175569081,27.0014895392639,26.554724385385,25.7855244899541,26.0287262617918,25.996885023742,26.7354220728973,26.9310474938179,25.9535251346217,26.2701943065888,25.7600026156119,26.2521449599633,26.4803651406435,28.5927834361292,27.3540059434431,27.3156086915922,26.8588951505516,26.9197759250324,27.123843393603,26.2504766864384,26.5178122351828,27.2412868201743,27.2004895086677,27.2931502869457,26.7197501604268,25.0232440908694,25.2243786654304,26.4080106032867,25.5725304968096,27.610801997322,25.9437205029282,26.6674428378894,27.2296017241042,25.7134688840037,25.2412772895792,25.9024084287702,25.2707216589263,26.8379503594607,25.6985539668398,25.9817628085537,25.3123945711876,25.9642356529671,24.4631106966288,24.0211214890414,24.2717025430259
38.4971820668088,37.9910497383309,38.9825161031479,38.7323532361548,41.2837183740574,39.8922098350388,38.9698622692729,39.782697524118,40.4599854825579,41.2858367138312,41.977645518874,43.1037269785446,42.5921403035107,41.9492661659095,42.1296380489316,42.2889305441179,41.1582120900735,41.3540638946965,40.528096402564,39.219616356611,37.9259182559642,37.4622767992649,38.935014098256,39.7638087621141,38.73904987422,38.6322343105866,39.3461320214499,38.9442146332829,40.4155591695599,40.0000961505944,40.0914945320739,39.1988569008657,40.1093932752765,39.6629271842033,42.3051979075887,40.3864679618576,41.0661130788164,40.6915951388072,40.993169527111,41.9943653035816,42.1976716960836,41.5904465010689,40.8220725005755,41.0340084806181,40.9870330491787,40.0341500687213,38.8148258237426,37.3978899563364,36.3343268248762,36.4373889544243,37.2488906688866,36.432340026766,34.4633119159347,35.6215544310393,35.3216696743189,36.1014570566417,35.0919725628569,35.3526954854483,33.8325265475741,33.8528301412041,33.0721715269764,34.0846353908813,34.0220595111484,33.7333109071907,34.3343786950963,34.8861534393954,35.7902584149651,35.4078510418931,36.0258914749478,35.4902111553243,34.68989759519,32.7887435010823,31.6869385841965,30.412979072721,30.4412669012749,29.7751718457504,27.7546733546499,29.4260285515433,28.4158560969579,29.9499309169068,28.8156576001665,29.6051900151859,27.5925624968779,28.1963255134136,28.7517341593127,28.9845364212699,28.6497112276991,28.4561768123621,28.8367456617449,27.652158496121,27.2834596284351,27.1397229615734,27.3998425050241,26.3364350101872,26.0907992315521,27.3724450346979,27.4738683942742,26.4478525694444,28.6790099255991,28.8319315311576,28.7862286915673,28.9306478480365,28.9110474652626,26.8973875639867,26.6143115715248,27.8388244299845,27.5381183393159,27.5846537842581,28.4696736973319,30.5585571777437,30.7924947023666,29.5065570753898,31.646207218149,31.4170101791545,31.1184168908985,30.8347648401851,30.0049689570129,28.8495744766455,28.4270080324777,28.8695291104067,29.096520887568,29.1785174666633,30.562899982237,29.7792847377437,31.1502491246128,30.7073222774927,31.853318620891,31.9814031074795,30.2199225633662,29.66319113513,30.3471663985831,31.4655055130132,30.9095924327318,31.7416740471612,30.4528536238817,29.9081700938429,29.7434482145369,29.5784426512879,31.8293778972022,30.8826322787242,31.810483771183,31.3207187178179,33.1785982818846,30.6023811176645,30.6797324385684,29.2091861610565,28.0648813009956,29.5864516703493,29.988987297114,30.4504215368927,30.4495808272132,27.8027132596867,28.0568432477529,26.5136954330031,28.6449555468184,26.6698446524089,27.4257087367828,26.8294302740707,27.0310130071907,27.270488889667,27.6398703975759,27.5258474398747,27.775037842553,28.0366212349807,28.209862590678,27.741386321761,26.891898869539,27.2966192567697,28.1641104708904,27.6971162380811,28.1994749269447,27.5426913391923,28.1110301976875,26.1527284183256,25.9990313913972,26.1309838551062,26.4529373067233,26.6682323862702,25.972494038442,25.3577742266067,25.3213823083834,25.6761029983401,26.6029012906057,26.9504052725098,27.4450809500974,28.1618709539205,29.2173984327038,29.6388754109515,27.0644656444912,25.9701616368917,25.985983768652,25.845792525838,26.0252315989639,26.6043188850752,27.5990098974143,27.0602797208505,26.3125601183786,25.6142110784881,24.2600994786825,23.8118450062834
38.2996609500712,38.9496085227448,38.1184610370377,38.6841406345623,40.8159661646161,40.7901752418012,41.5180261511891,41.134488789554,40.6333310735013,40.291078218047,41.7448098710422,42.2825745939894,42.0808635709539,42.4486540421708,40.9275025484471,41.6296029200686,41.4811087314316,40.6942194946183,39.6508688712871,40.0381868258922,37.88302244748,38.8199691070009,39.6938657031014,40.0664283242887,38.2890134427045,39.377631377733,40.0150645597398,38.6223803897092,39.8672400553995,39.6503178200266,38.928738674729,39.5176232051761,40.8530201216445,41.4551652210867,41.4560633379156,41.6250801403455,41.6539307676955,40.9720924339986,40.2943361973348,41.7156724687623,42.7230467270227,41.1450453742026,40.9088888261791,40.2441225127046,41.0381415524028,40.4818406674175,39.5993279518739,38.5271727266999,37.1155127890235,37.0445770728651,36.1958393539341,36.1392275722416,34.9528518473005,35.4202367628775,35.7720796039542,35.3981472483161,36.1844149367497,36.4171909809021,34.9515466024047,34.6422004117148,34.1661733491993,33.9534029695472,32.9782752495169,34.0295984020151,33.8394869827834,33.2582707992684,35.2202934142111,35.9599757454911,36.6282177352876,35.3674462781577,34.5066914337654,33.1468376854881,33.2850570890478,32.5335550901735,31.5263187180942,30.7653325810133,28.8107726856915,29.4526025683216,29.45467726299,30.2130363901493,29.8043113198382,29.2503812658614,28.9198858159311,29.4088389594267,27.9583261738249,29.0843879510004,28.5174041365655,27.9577435864838,28.2522273216229,27.1581798139797,27.1778126896702,28.0230737240025,27.9508626305971,25.7844075203618,26.293103835936,26.4781245950581,26.1538412536545,26.9715581030747,27.9356892955009,27.4796719238322,27.9591994754307,29.0253458609699,29.0174219380818,28.2099648664483,27.5769488278517,28.317597286537,29.0837480850559,28.9009812104616,29.8812736586449,30.0627883818881,29.6994430084466,31.133432052378,31.9715589328893,31.1924701223622,31.5440619695023,31.2063834770819,29.9647928258821,29.2245905957009,28.7219536017842,27.8671894485789,29.1579023907922,29.6441685181878,30.7948090451651,30.6683152355915,30.8229575051746,30.7668799769837,30.6735246323152,31.3899368752073,31.1811074458746,30.712420945343,32.0402565885857,31.4748499650899,31.9343433708161,31.5322333468447,30.5307454273976,29.2961932127341,28.9213125310148,29.9152115902152,31.3417069967771,31.4100395274133,31.9284618451324,31.9834542168743,31.3977920609675,30.4397398452818,29.498784276371,28.98715230155,27.4332572361376,28.3941578292621,29.6689239146607,30.9776838019485,30.0003808071607,29.090875788768,28.2972083813914,27.6847570778115,27.675125825493,27.8420225834779,28.2934364215819,26.9252408541367,27.5623463800142,27.1884068130631,28.6542062004993,28.6449413957708,29.0138290733975,28.6062072589299,27.4784365688665,27.4395343684645,27.3951108687102,27.5581826873113,27.9525932464453,27.4635253218512,27.5056420891304,28.0575584539509,28.2717737111511,27.3845775609493,27.5465229336037,27.1494190394005,26.491159467805,26.9418065510004,26.650857201342,25.7498467305042,26.3526950917241,25.1319571457657,26.5153837885468,26.6131357429023,27.8540206301633,29.640843300935,28.9253022519197,29.2701407322341,29.3974168218034,28.6986003937669,28.9348472081131,27.7557364647009,27.1729190164366,26.9884577594396,27.5326486249023,27.0852317444729,26.9898724634776,26.1054157157266,25.2184931739205,24.3552255767167
38.5498305168128,38.3975766610911,38.7391429932406,39.2124555756002,39.7781417875943,40.1796735439488,40.4544553307803,40.8393791051159,41.446894029694,41.7591033890703,41.5303945483731,42.3709218416631,42.4821218141613,42.2048511427117,42.3315377138764,42.4445318546519,41.9669719207674,40.9551073129689,39.6226172974929,38.9736967419525,39.9875340715396,40.0246618418909,38.1758311777024,38.706413147937,39.3990263992872,38.661295147975,39.3741760308297,40.0758508117302,39.0401549974434,38.4800497099181,39.5907500164643,39.6958711630478,40.6465090850129,41.1014356314086,42.4051771459311,42.1700071183882,42.160256933017,41.3004557758606,41.3591236375422,42.498319479438,41.8932368135256,41.5573571826286,40.6956599842888,39.9557023403597,40.5231897030129,40.2323670960073,39.2772050295862,38.800331244039,37.6978552558094,36.5092329138984,35.7844557508,35.6219867633871,35.4882163678748,35.0536243499064,37.041351449111,36.0808669797332,35.9367299651812,35.6709159963817,36.1195367657145,35.2850739541194,34.3668309580313,34.6549309561018,34.720567658686,33.7850396169091,34.7152128592746,34.2200102343707,34.5650249197731,35.0825619049319,34.9258931351145,35.2770510877882,35.4126850802028,34.8708230934734,33.5028889176064,32.0606822762597,31.4027813694515,30.3717159288633,30.0102392477102,28.963330523938,28.3503914619165,29.6611374969383,28.776421167317,29.0508229180361,29.0450753106018,30.2317436700218,28.6678122224999,28.1646076058843,28.1261566549445,28.7165921010544,27.7801329298403,28.7926533966012,27.6066417648859,27.118877931428,26.695685693846,26.2153787117988,26.6854061542861,25.9937049771583,26.9354709902236,27.0964301839258,26.6179401432163,27.5014326488613,29.2446225867503,29.8433723105292,29.536131844213,28.1985455630456,28.0632567166305,28.8394475032008,29.6800383464251,29.6821375330228,31.3787416755441,31.6541257045555,31.4048480124155,31.6010084192837,33.3678191048716,32.3580733559893,30.7542609271318,31.6853370235876,30.9298823366805,29.9601553716476,28.5387296826902,29.2588050599236,29.8196296470043,29.8496013438434,30.4451135806879,30.9374277559099,31.6275164127238,31.1900134066022,32.5046880802027,31.9352460024491,31.5128434333814,30.1417050028877,31.1697832293648,31.395677227085,32.3864424785288,31.6476763133027,30.3693088297455,29.5216986004164,29.7861387142638,29.7305933820552,31.1160437899001,31.4498936531551,31.0458037231486,30.7359999812458,30.7729310498612,29.9104135355545,27.8228440023143,27.8663563580957,28.0650287404211,28.8381220557746,29.4541612091072,30.2630670664772,30.2191425369571,28.6776167653887,28.6977164941147,28.9711640842593,28.0312360425408,27.336310054382,26.3705993852203,26.8175343085668,27.1373181825128,27.9124091289885,27.803750273962,28.7590093200101,28.3008520234243,27.9601603497553,27.0945304589617,27.7429102537218,26.551159025261,27.6328780302064,28.2474063122336,28.0513945740348,27.0419862536743,27.5958913156029,27.5848254890826,27.6689791575565,27.1315046816979,28.6482372883436,28.0597842941253,28.0714967992786,27.2231044345795,26.1881090354203,26.393913147279,26.8591112605669,26.0841909693344,26.7095403329782,28.2445841004189,30.043910891281,29.5903462481792,30.558765553205,29.9351858621447,30.4805168485488,29.3084486535446,28.117955637118,28.501090764088,26.6458587862932,27.347637220934,27.2331945804685,27.743024089673,26.5462181569619,25.4223035508244,24.3120257882705
40.0228756098521,38.4405271970537,38.9681643926072,39.4079076600337,40.4506658005959,40.6951163752948,40.3539322775252,40.4312046682276,39.6508120765618,40.418175428057,40.8620276789544,42.1932013897325,42.0380977963181,42.181896873564,42.6342738988123,43.1050393081579,41.8963674337754,41.2960810390256,40.4563116006751,40.6542537510825,39.5086608519759,40.3125412096523,40.4067655436372,39.1395751620456,39.3941600113876,39.4328198476528,40.0352062606393,40.4522844010287,40.2392403427717,40.174991339533,41.8713242741172,40.2972269535195,41.0681740948549,42.0089580717049,42.9438791568983,42.8067732242385,42.2345205590485,41.8317420818081,42.7150368720179,42.6682717218488,41.9816783368167,40.3851805727869,39.9685829494608,40.1003186104588,40.1052370188988,39.788580832145,39.5747990215887,39.1071780924781,39.1476962752426,37.9860901674938,37.2465150186231,35.7421111774953,35.9350350416052,35.3097852891847,35.7917221865894,35.5737583192207,35.4246778732123,36.069986046343,35.1085365951225,35.1653698981392,33.721563998774,34.7579870164129,34.5474321962756,33.9855068733844,34.5699686071377,34.6615068092901,34.4261806980061,35.7798872625163,35.1738906199251,35.1995137427907,35.3940086638891,35.2797110126993,33.3522459047896,32.2250783718654,31.2882867245841,30.5888027782558,29.1745718583123,29.0596377210745,27.6908188218496,27.3516448907368,28.0030015897938,27.8895314996791,28.8617610325884,29.2738826211941,29.0033895014706,28.8658803126307,29.4552113268806,28.071449358284,28.2142184061659,27.5220440506568,28.0093018223723,26.7974665673476,27.1985166108892,25.7572633485108,25.1186182199528,25.4284488204758,26.6670474969433,27.7701957074632,27.6466372149716,28.5376804757908,30.058002292544,29.026199449569,28.4224888305535,27.6322160984708,28.7254894875991,29.9388645507402,30.6234856832055,30.417645448902,31.4053221824224,32.1579894665696,31.9668469497749,32.6093345018002,34.4321801641595,33.1148747025316,31.6596630370574,31.4172233994703,30.3944713196713,30.9397435157606,30.7324145490366,30.0337691238083,29.6227759507164,29.9972125283212,29.3484656575588,30.270961637596,30.4752558590786,31.4615235907611,32.2883988059788,31.4819341323836,30.4513333840006,29.0798989572091,29.743292296176,31.1700423695787,31.2134343707428,31.5587975166461,30.4570594582248,29.5265827728856,30.0555281522903,30.6331110644231,29.7038233481678,30.3178633185609,29.3755837956171,30.4948136232614,29.3226917936759,28.1329283809469,27.9859897984892,28.0242750625765,29.0931292725314,29.6981545120873,30.1284062900963,30.9076379401272,30.5467135335344,29.7191391646083,29.5895594543532,29.0550498262015,28.5886120315594,28.1408838625279,26.8736944884976,27.9237889787229,27.0194277073239,27.3364596015772,28.4923799561681,29.3519261031431,28.6837533022277,27.8316289491305,28.1802638292746,27.4909989945328,28.4611145065126,28.0671561113877,27.9825722308501,27.6051494147249,28.3505435949701,27.9995316539509,29.1209410783971,28.7569829360691,28.4025350284173,28.7149072488627,28.8662630206275,27.8564153270123,26.7086454224319,27.2353419696624,26.0645582756254,26.2555394548124,26.5724980648661,27.2338509137711,26.4822215008825,28.2302914210574,29.8861174392542,30.5458668870064,30.0742954679933,31.8448841435319,30.6834556840983,30.0012263704716,29.4124406356817,27.7176573843335,28.4521159248632,29.3316198203926,28.3956251121667,27.3183490964712,26.2788673177947,24.89269908467
38.7901309352811,38.3626017256772,37.8651577190938,39.2051480618226,39.5357455259541,38.6986472593107,40.4019601501768,39.6134638093281,38.954689484586,39.21942228016,39.3050483660236,40.4736904616443,41.2585365590136,42.614116934409,43.7143352779692,43.1885842028432,42.0451396279093,42.300233029661,42.1326724845637,41.3650720081918,40.4760054268164,41.3231835276665,40.686320193083,39.1322558592531,38.3112182406623,39.3079048118866,40.3695590664135,41.2546361611984,40.2133951657151,39.6462121622924,40.8055564886174,40.6520591777074,42.0333588859102,42.7792394565549,43.0550800423911,43.1057838719316,43.1459273848842,42.7950957274048,43.0198209650594,42.157273184727,41.6389241091552,40.4712051056285,40.0302728583913,40.2180980945023,40.0775264960059,39.5202584887041,39.3598415578023,39.4441139821376,39.1545825174993,39.1367119101352,39.4751050507707,37.7386968810484,36.3095048745073,36.1224851653636,34.9841236345551,35.0521811334671,35.0605552872509,35.1659555228081,35.4525201387416,34.9092311184685,35.6412621311242,36.1921937998542,36.0676129384544,36.8226572695042,36.121929203098,35.4462454869047,35.7311488788904,35.6790858866975,36.0134492940493,35.3334489384831,34.3496871868015,34.1233733403645,33.7171894954152,33.0651577139534,32.2820855055359,30.1365536312673,28.46544511148,28.6086411080839,28.6645426973198,27.8172274612586,28.3612738117865,29.5256437775092,29.4562928246364,29.2389435268801,29.4143942336847,29.9315854518987,29.2441310354098,30.3691012481035,28.7443338154033,28.6380926397914,27.5538006218375,26.8736254908534,26.6011772148684,26.061179533404,26.2014839500949,26.1226480180656,26.6767122704365,28.266076208866,28.6478556392535,27.921124163894,29.7944632551944,29.9621129944218,29.8925986735079,29.1555853676779,30.5198592021571,32.0046955887459,32.4852856061292,33.0885074784062,32.5834156184476,32.3059722862081,33.2158078308031,33.3317636618685,34.0734609012907,33.2276735369878,33.8112919763419,32.5389963258824,30.8136480600116,31.3252187708366,31.6343109548582,30.3595851468827,30.6452779381474,30.3587493693726,30.1884034806574,30.75415386584,30.6876671602002,31.3965602626373,31.058766964532,29.9811094820981,28.2228156585487,29.5256014348825,29.9728436505943,30.6348279321458,31.7036410026969,31.7044024775013,30.7792401438763,30.0180028939174,31.2445542836475,30.8326684946307,30.1503291146081,30.7133109531888,28.8027598217217,29.1823763184709,28.7661624941079,28.9203217153473,28.9271578551246,29.4833394883066,29.5124690907939,29.8335762646732,29.9489678149376,31.8221281826466,31.2231261965013,30.6047928206041,31.0093813855389,29.7704985057645,28.3015571838607,27.9658763714317,28.3991110874341,27.9788403317155,28.2965512253322,27.9320909575051,27.6336265960774,28.0604182647922,28.737030626508,28.8867191117031,27.9276908459842,28.431355945841,28.9656009409424,28.6760742298129,27.9850106887562,28.753893446747,29.1906281269439,29.100989786859,29.1930274083504,29.2757215796891,28.258717065228,28.2509385232888,27.9127060639738,27.4677332033394,26.9031143539967,27.7866940257849,26.6655733154884,25.3865464774497,26.2209986983157,27.2186979082313,26.0368223148152,27.3993112784789,29.1313846629819,30.6921316675906,30.6494704252916,31.2490457861386,31.0257871365316,29.8194773924125,30.2018811146067,29.10688841286,28.6676359588243,28.5967978085845,27.9746198357454,27.4993493285374,25.8569205326841,25.736726537753
38.1018435321473,37.330220479187,37.3222842205233,38.9681114936507,38.8181702199766,38.1485652905208,38.5598693631388,38.0138770601173,38.6894230814668,39.2184471043526,38.1752339844492,39.600023818896,41.5192318024686,42.7026574598245,43.2075339222423,43.9693743160768,42.6508125699229,41.9516120525062,42.5290659003024,41.6360520575047,40.2719294896842,40.8284259364691,39.6920964904562,39.3103974890968,39.8955384366027,38.5520807575867,39.741024461303,40.3160813944882,39.9596108432678,40.5357992311085,41.6208759581611,41.6479317600175,43.7283897686587,42.1934604116441,41.6072249642462,42.7933854157584,42.3004828578491,41.0890761526902,41.4801288219991,41.7552491401892,40.2047432835356,40.1603069598438,40.0727823745436,40.904292880758,40.1787285967152,39.1512278299601,39.3271671869344,39.5428153948187,41.449687283545,40.5594973989032,39.6622184726161,37.6314842384753,37.5042957703144,36.3486856469056,35.1710438096682,34.5698281792245,34.2778737703746,34.7466946466274,35.5745346406523,35.6870755889623,36.2309135021653,36.4004697409616,36.9803950388413,37.6865771445463,37.6372029156693,36.4114854962085,36.6646718247032,35.765599930765,35.8952663839818,34.8380706366743,34.6357903573903,33.3098022456909,33.8078675716812,32.5435529735443,31.5107053570165,30.908327735053,29.1141815842643,29.1811595791189,28.3936868791149,28.2922808140438,29.2100176639606,29.9270376197311,31.1973792476279,30.5576269346858,29.1085759658447,30.075880890977,29.4597460770624,28.8889407191782,28.444324265082,28.5509433629302,28.0791900865585,27.4132867997895,25.6863382070624,26.1417233617866,26.2933614914326,26.5923413320808,27.1187799251622,27.8181196288752,27.5618441764767,28.361386747779,29.7403125022833,29.566028126645,30.1312414639834,29.6887883998866,31.1742159303564,30.7192928388164,32.0116273641348,32.1116752059033,32.8002848427028,32.2635796994547,32.9470166197342,33.3544766421394,33.221608245657,34.0878634943377,33.6175517136318,33.2116660020892,31.8892168990454,31.1400936151023,30.1959687389204,31.2284277602029,31.3466474176694,30.1638702428263,29.9573426760971,29.5172799899427,30.5134706238667,29.6128077428495,29.3155960439518,30.3199667222753,28.0915291873494,29.0575698156964,29.6147342752589,30.0565169665459,30.725595743622,31.0952347979029,30.4641549631316,31.2537976368791,31.3695380862153,30.6874764734957,30.0353045521059,30.1171177409915,29.5023016384042,28.7289971456335,28.8894474456735,28.8953078235254,29.0857955709699,29.2509769777487,29.2250334030228,29.2565682747194,30.6475019697017,30.4063582359031,31.6113303806919,31.3037557561083,31.7347563247648,31.0289921204372,28.920728205693,28.8767238781332,29.0593837828945,29.356549498531,27.2655459342639,27.0317625046501,26.2953598871469,28.0801283113268,29.0104682141597,28.5491711022208,29.0448385336105,30.5008021412859,29.3560559848406,29.867606493816,27.9564607370554,27.678514665669,27.5945104992022,28.1329064299015,29.1804274729076,28.7289159433538,27.8360109842375,28.4404578051888,26.5853115494947,26.7431698114798,25.8145176032898,26.1772953979321,25.9972857323897,25.8496317164328,26.3970020608942,25.6346024223501,26.6591400741613,28.1734123411852,28.9651331248601,29.3606425393822,30.5092190442914,31.4438297463178,30.3297784807173,30.6033725790494,29.3647635736573,29.344969126855,28.8486462616267,28.1006969394918,26.8780286680351,26.4874759060271,27.0526793982145,27.0968300654726
37.0267436070725,37.2378279758806,37.4409658711331,36.9045686680306,37.436426095107,35.8515304841502,37.3775346873047,38.4459461228876,38.1870903777437,39.0018461664612,39.1558470389839,39.6917592987022,39.9256324658654,40.5363691730009,42.6342396247267,43.4167666384411,43.6310788593378,43.0730128403565,43.521312445361,42.2983036266339,41.4516289563098,40.5582402800105,41.2067083224697,39.8261906466009,40.2217079433136,39.9519747275883,40.3909917522362,40.3865954809898,40.8798244241114,41.3032326857375,41.8832484041267,42.4703162734738,43.2410075782337,42.2228974740705,41.4638732104457,42.2811139687503,41.91417872078,42.1366059426367,41.9298712136491,40.7697384711322,40.8999391518861,39.9115990714692,39.7856564127266,41.001004474598,40.2892188634868,38.3016653094049,39.1542101248965,40.0626709646966,39.8953267524641,40.0299722484189,39.1923611810338,38.5096946903146,36.2706138659058,35.6434032295027,34.5562882377612,34.919467287152,33.7944479360151,34.8922045063847,35.7950109597053,36.0739085624433,36.807628139551,36.5200001188486,37.7160913597753,37.2702680373124,37.4379820987419,36.6733279179023,35.6751201637727,35.5931426188193,35.4699014801152,35.0803080438053,34.7965212250027,33.5015389667084,33.4909980372301,31.8627697178079,31.690882991484,31.5640530448855,30.227840376979,29.9164147882813,28.307525448579,27.8671572774409,28.8878130615658,28.8127981935939,30.7653953791585,30.5634708170913,29.6441436102921,29.5084414869973,30.1047598904971,29.2608629825641,28.8739343081639,27.7644692909445,26.8173923926556,27.4757906758932,25.5293547351452,26.9698666216528,27.4535491422825,27.058261380437,27.5058411462407,27.3600651128252,27.538746087083,29.0118457076993,29.3838411625737,28.9727655384102,28.0846523081367,29.2315060405864,29.2758595325678,30.8821628637653,31.717597352571,31.8668728730557,33.341896758357,34.4478588740828,34.167946887902,33.7220622036586,35.1691378459983,35.7316006162552,34.8123203843077,33.0824146739875,32.8339480385594,31.675454093726,30.9038702941289,31.2491977633907,31.1239151980267,30.1024264072441,30.2622290667086,30.9462791054682,30.7249031440441,29.8257842753967,29.8320701672801,29.7792294615315,29.2765876427222,28.7406771108007,29.6755757101813,29.4147564097617,30.7341728010701,30.9987762365497,30.7214955711283,30.8719516049568,30.2049058967027,30.4556826595172,29.4260772129971,29.7238390642606,29.6350877522664,29.9175517320735,29.2225361454667,29.0192510580908,29.1514453505524,28.4239191119755,28.3254794608581,28.4430354544731,28.929822918938,30.248267233535,30.7238794862981,31.3358059839316,32.3883486629912,31.2415838329214,30.7219854200214,29.2608322528094,28.7206058142924,28.6767929850999,28.0251270308026,27.1882916245029,27.9283233276216,28.3243988603587,27.6664623059966,28.298912121485,28.6815560146532,30.1467497797162,29.7662679835611,28.2775431778888,28.1415909786244,26.8132375613629,27.062631218053,27.0338429749041,27.0246955729596,27.1109415592008,27.4504166660694,25.9595906006946,26.0108861924557,25.631242317626,25.7448079388402,26.0450657865365,25.5018987212593,24.838392607836,26.1984542157716,26.6733900930677,26.1760890054703,27.0949864776565,27.6402104224935,28.4464468857873,30.070317247295,30.9117023839104,30.1247729983413,29.602750018509,29.6071248430723,29.3318471905271,29.0550358145787,27.0285218110903,26.5470135545817,25.8355214847848,27.3326216182336,27.9905483543205
37.2043883724091,36.2684538500553,36.2717184098957,36.0395725086312,36.4750596774213,37.2086141145273,37.1472396444771,38.5163982509379,39.6512031178822,39.2583128980316,38.5208412726629,38.1310513866617,38.4812507876146,39.7466414301099,41.6537667225958,42.851473765888,43.8598082758722,43.4896764350588,42.2239732361341,42.1856495942903,42.2076126488169,40.7342840585116,41.5883127723211,41.3427420746196,39.8979918854492,40.8212736378358,40.2918263787458,40.7972774551885,41.1844551738218,40.7514655075823,41.5235697866069,41.9716119561153,41.6354156244591,41.7067767214999,41.9103443349907,40.8387303664666,41.7280960497231,41.4009959205728,41.7067379625213,42.3766364390997,40.1806162240265,39.9617404586061,39.4671184723037,39.7840621898171,38.5662401542196,39.0796572484631,38.4519108161236,38.6817997294055,38.7645448927805,38.9500304764059,39.1330661944424,38.4018415123274,36.3462352239358,34.2802841656825,35.1364457362588,35.0647226909728,35.4919196281685,35.9476036745606,35.3248006076861,35.7103067508064,35.4192793206177,37.0102845009449,36.9148683918134,37.3567875950125,36.7086394635336,35.6002455908744,34.6710496120076,35.0664089208191,35.8645022690281,34.725804770983,33.7090783681736,33.7347375376685,32.6861870482778,32.7146431471747,32.3234418109373,30.8087766748177,29.9660294711823,29.574933892863,29.6272052109356,28.379604649547,28.9882066949197,29.0208194681229,30.6225470770257,30.8477119626754,29.7239924556778,31.0391191569957,30.4207285477632,28.5582698690251,28.8399580783329,27.3729035596302,28.153098466698,28.9065792704151,27.5887765259941,26.0328652651906,26.313721302366,26.5268429579041,27.3459099291317,26.9452095333957,26.9528629755373,28.253748858406,28.2300282223824,27.8664980173059,27.7477410192505,27.8550739576325,29.0803713613202,29.334904887486,30.3905938946576,32.2710757063708,33.6468754698837,33.5001661304158,34.663914409953,34.9431211883116,35.1564435713858,35.4866795038089,36.5324591102416,33.8570407192423,33.194559912587,32.3560130906273,31.2710510225372,31.914323329932,30.7904355441711,31.0889030156764,30.6711431209704,30.289636363084,29.702932671856,29.8090966594983,28.7645418819145,28.8604516887939,28.2285908965378,29.0898681472612,29.4687835551337,29.6499463594967,30.2748563161641,30.8072558739095,31.2314500844152,30.8070854637401,30.8554809239895,29.820615434994,30.4171166662829,30.1855063991173,30.2187393859488,30.1012168063148,29.9857725289938,27.95880146948,28.0538873377656,28.078082099865,28.8042451996693,28.7416414073541,29.3764595696553,29.7749569103074,30.1071230140112,31.4343400884009,31.5550408761467,31.8836296965056,32.0623500777529,30.545828821798,29.9052921673686,30.3108207002432,29.5369210842535,27.8682518035266,27.2009486553483,27.0634725195208,28.6456682474104,28.444135709271,29.0865667285453,29.6620778869293,30.0471700148811,29.3754272248526,27.9322901549269,27.1600493071142,27.7125946606609,26.8247349048141,26.3014296117571,27.5401547073736,26.800474882226,26.0553883294865,26.7003410450975,25.5955481915978,25.4682683271983,25.0729457677607,26.1842503520716,25.6139612937999,26.6797842690601,26.8108337915341,27.198402725262,27.6377904963625,27.3059029118002,28.0147388101113,30.1802467861967,28.9499662722618,29.0437929895749,28.7557506280401,29.3904591484199,30.2738493297207,29.9788959693145,27.5995593895515,27.7109546052401,26.4199063128577,26.4462420133891,28.5394047513056
36.6169610161746,35.6702545467323,35.8897814116801,35.5115170321709,37.1563134921167,38.1302108032536,37.5221758290327,37.7432689279986,38.8003435412006,39.3696368334838,39.5335214890002,38.0869030895376,38.8982498851536,40.7950423066075,42.1811702736,43.6653154756075,43.8866517502877,42.5249585591139,41.9160528797242,41.7345961066098,42.9780161888395,41.8966199049571,42.3196195498015,42.4116386623567,41.9933005535283,41.2567042387116,42.4448968073644,41.3482634925634,41.6476843809695,40.9826834381241,42.2438921932318,41.940135714688,40.8640125613319,40.3713553218802,40.611056140417,41.8259671996316,40.7287627029969,41.1431624833722,41.6765872524031,41.2061478571183,40.8518997701706,39.3975338212157,38.7907303141243,38.6986633774901,38.1935021269766,38.9456757390167,38.8564997802663,38.7615002671545,39.3281185116696,39.366935648703,38.6023961416065,38.151998362995,35.4052124625481,34.2896384790731,35.6329801975027,34.3975441386681,36.2232820736361,35.441448234707,36.0079766642929,36.7126054659629,36.7794958770595,36.9678292495387,37.0739737523469,36.8855230519669,36.3332657081906,35.5717172448866,34.5889943032382,35.2116227091222,34.6978230008293,33.9280625939877,32.9078982425369,33.0413004475022,32.6692147896216,32.8820159715366,30.9209805424674,30.9653171488414,30.2610007540691,30.4112045306774,30.0659505962329,30.4323802531829,29.6237140975474,29.4171517110117,30.2816906585305,30.5250623632103,30.7754482038509,30.9890241508743,31.1576370489076,29.6544317989368,28.6095383167631,28.3724300252395,29.0863390737231,28.7018862664479,27.5239389481954,27.1612677217765,26.4317825408061,26.2436138098759,26.2837752508782,26.2994325343937,28.1653380879139,26.4795982638616,27.9105054429653,28.1648010546067,26.8492246231424,27.318677936937,28.97867958182,29.5775647781007,30.7034870762649,32.8107447067555,33.1764885734528,34.0497151132179,35.0532198374254,33.8018763096318,35.2464766960868,35.3784769352121,35.8151278125828,34.6804292930269,33.5362582000617,31.7299543543858,33.1163339083785,31.6565896184839,31.1242118714167,31.0627813789426,31.2339611141695,29.1733671801574,28.3535173308927,28.887660609108,28.4147203687567,28.3927073602677,28.036489388966,28.861945915074,29.3915612231932,30.4375823884428,30.3056706729519,31.2432041840987,31.0625939052488,31.5686549277108,30.7345281675993,30.3203576496277,30.6669491748822,29.8486152444595,29.945562942282,29.7606104475387,29.1044011699253,28.8143299059203,27.6768239995823,28.2397338833408,28.5970550170945,29.4170028493004,29.6962833486686,29.9633405528092,30.763875804169,30.2066796947079,30.9349952670433,30.609348063789,30.4907065524046,30.5243544665764,29.463282436787,29.4805309807424,28.695885269497,28.0309818713738,27.5469646895897,28.2511825632056,29.4172203288955,30.2237845515622,30.5427181488494,29.9100653087514,29.8407953920649,28.9107125388654,28.9065418288605,28.7713085925762,27.7894045039635,27.8103362552952,28.0155789686959,26.3292625866511,25.9450130591826,25.6625972280161,27.1278172460602,25.8292704669359,25.7465248913841,25.1732017183173,25.4237348125219,25.3200222374571,26.1128072115022,26.0585785127251,26.7742104634365,27.4784774864666,27.7772817065429,28.5505667623211,29.2214743849848,27.6395049808133,27.4639326830658,27.9754875184014,29.0682801277468,29.798522678999,28.6202349145474,28.7179260693422,27.6061335463621,27.7836975923014,27.963087016787,27.7135456615832
36.4492885186333,33.8201788980772,34.3781472686096,35.4413807561302,37.0252392250876,37.5257926842623,37.8108135821545,38.078594636353,38.9565500254366,38.5608228455997,38.7476716641898,38.31106439355,39.2538161563745,40.8833289879633,40.609149118101,42.2011726227664,43.7586435173295,43.4444401520153,42.7908695999486,42.6879488898753,43.978710708299,41.6787338801,41.6882341986319,42.4178864909121,42.1591641754363,41.4984552205787,41.5455861062126,42.5016071457642,41.0352265586231,41.5463087855708,41.6576260441243,42.0519352298828,40.4936228708851,41.2862262512774,41.3021009962135,41.3142237626301,40.3513451087613,40.872857763015,41.1493635105861,40.9778911004195,40.1492859225078,40.0777612389953,39.5914749185476,38.5834437148652,38.4462653133472,39.3735683232329,39.9168899081417,38.41236499235,38.4240131398732,38.7677621448205,37.2702165907119,35.8171587971921,35.3778255400622,34.5464197736423,36.0701368377667,36.050521758381,35.2569904833184,35.6198831500743,36.2306030875151,36.6933983969125,37.640552542248,36.8798634836198,37.6907101294528,36.5391212772485,36.8616593082197,35.7711723000004,34.5178885098481,33.6906744364267,34.4401245541935,33.0960902445087,33.7570305242044,31.5511290244314,32.0576515109739,31.1847389405371,31.0960406946655,30.1511309865714,30.1476381502696,30.3191180393707,30.8635515870803,30.8455996913544,29.4772350997742,29.9744097713183,30.3169471750527,30.1965267406508,31.2168769359864,30.763060910086,30.2125439021957,29.2350734594125,29.2856875605752,30.1456720081072,28.9659931198375,28.1281579530566,28.0336130041797,27.9006584527934,26.8707760672772,27.2719326616652,26.4253380338504,26.9932740781761,27.8095803035884,28.2358935588762,28.2161128892529,27.7787150168696,27.4138381951959,28.4047174335792,28.756534310497,30.2314188821875,31.271507171256,33.3821649733847,34.1577912718526,34.6864899152462,35.4971597076431,35.2664211918168,34.2974946300319,35.3618653134725,36.4890671729763,35.4394711353531,33.5943663843772,32.625434810624,32.1112742471318,31.065363894397,31.7737133686687,31.8399641086849,31.0568932158525,29.3541136937229,28.8753781628666,29.9156782561013,28.2990025926319,28.0447221785176,27.916860215405,29.2607784418213,29.5081280121137,29.4801981836221,30.5867252778331,30.9968455041381,30.2968130904558,30.7745619999824,30.7273355772112,30.14370343823,30.7765389428539,29.3276293210446,29.1902741022993,29.6808596235174,28.3393177680796,28.0899693326554,28.1928756159603,28.3857328997313,27.9468849068726,27.2315106799769,28.0073948264509,29.2752825996858,30.1060563326,28.8343846673239,29.3079655400939,29.6566022562215,29.9415852999195,30.3271236364513,30.2601434140093,30.3860872167458,28.4625573600124,28.6315440919551,28.4948398527685,28.1056494565005,29.6170243223048,31.4645268511129,30.6963257474586,30.705136118319,30.1386453299854,30.2625193750494,30.133843774393,28.4894459242448,27.8108337298998,28.5883684183873,29.0180843888069,27.4956706225928,26.7609642877255,26.8205192106569,27.1662493910433,24.3146251398881,25.0120195451193,24.7380306686958,24.7656962605726,25.5390123477445,25.4010000151534,24.8065754311577,24.8551412460828,26.1596454118223,27.1819071638958,29.4514753099042,28.3638429408238,27.8761798884183,27.2388932267367,27.6968010565195,28.5103593770648,28.1002883014647,29.4339098735572,28.5972513237136,29.6208951811635,29.1759688302221,29.1100874711234,28.9195841258854
35.0760034572402,35.0865010609064,33.6199123089979,34.9730344204247,35.248277437241,36.8708369228265,37.0520470319821,38.2515805044943,38.4969707503002,38.9584741279303,39.279425143605,38.5194710917089,38.594090887374,40.2740914237136,39.5502440743702,40.7974163820666,42.9544022221619,42.7652882413878,43.3799940122373,42.1371804285475,42.3302558525237,41.3717778275052,41.9465801276811,42.4656916375754,43.1463694756786,41.7147821935815,41.1668790819032,41.0181519942946,42.0264566669241,41.129115094675,41.5118261381401,41.4968810012587,41.3195377459824,42.1064213697922,41.1631784408504,41.4630066054506,41.4766248959693,40.5199091415579,39.688492474569,40.6991323631051,40.0359523397058,40.898344225903,41.3023412294176,39.6137947810505,39.0599643902194,39.1619386838424,37.2564520737152,37.8094814969133,37.3168587771971,36.7173905994627,36.894838518266,35.5173615615772,34.9138638674554,33.813254671662,35.025465407908,36.680037242934,35.8614195859517,34.7719047291904,35.5873682250439,36.2647456144834,36.9389833443299,36.2434660924583,36.5620813818764,35.8570956865661,35.3160950029847,34.6201104249329,33.9227294354226,33.6026636474008,33.9065425906981,33.1786455431551,32.4647881749628,32.2492247107092,31.8591096793741,31.298000033615,31.5989047281882,31.0453513316613,30.6267342868341,30.7753485904372,30.5845673966313,30.744521984354,30.4975169461435,29.7681571022378,29.0842044482565,29.5152119837496,30.4965696388769,30.2865956380414,30.7478855670842,30.6870524148581,29.6202312692651,29.7210901240232,29.7914944503133,28.9247566348468,28.2444503073324,28.9384302696273,27.9369682166636,29.0825956517881,27.7014383218488,28.6470613871174,29.0043695289136,28.2979989240325,28.7004240538916,27.9044596755256,28.6667054265825,29.4081272794197,30.578740832853,31.4029545275705,32.7418433109377,34.2626375298941,36.0825257548248,36.6949311783116,35.8282562253788,34.7087183063809,35.9389693320631,36.2799861085873,36.9469698600528,36.1521189622546,34.530561107909,34.250505136901,33.5856213171495,33.4737503102656,32.9012901144616,32.0194149865183,31.5077979682647,30.5461761628172,29.5753808659757,29.7104903323068,28.1438459157402,28.7930502838983,30.0573119751739,29.8613291698314,29.2389389703127,28.2356759967443,30.3489874958127,31.8641679032125,31.3975400197224,30.1917210080403,30.4187783917684,29.6021720439768,29.184876716557,27.9355495937039,27.8622673034788,29.3555983261006,28.6645463685674,27.2242776651459,27.6692426631039,28.0593433170071,27.3389022699424,27.5865755421755,28.1349305329346,27.8540332704203,29.6349650098382,28.9163631568476,28.5790094622658,29.515457325071,28.1460663361792,28.0796446936337,28.6238907673143,29.2935598705847,29.1968074584968,28.7994090886314,27.5204923943857,28.5676220078739,30.1109865835231,32.0996435853177,32.3291691864197,31.771954675478,31.345221337412,31.679474680096,30.0010466294292,27.8637217412782,27.8950176817709,28.9958621555656,29.8967555219469,27.7533315908255,27.5804440075608,26.8924140348896,26.1013364467208,25.3106448783161,24.7133086265942,25.3139670520009,23.617422920181,24.2941262980941,24.9073391335755,24.5705355111939,24.9602024097913,24.391107851768,25.809143382494,27.2356857002964,27.1029679074882,28.5590650058134,28.041529274284,27.2928980469489,27.6169200239164,28.5042927675439,29.0006244233799,28.1549202439873,29.2539211070252,29.3603465391699,29.0099683664059,28.1846076077753
35.9214823151846,35.9196638581381,35.199986095137,34.4997022708902,35.2766220843219,35.5910154852938,36.8777159045648,38.6628219217409,39.0937809941753,38.487673187374,38.8915322273725,38.520819755161,39.6694668145,40.7494775640375,40.3501181772278,40.656929050452,40.7403632151084,42.2486659688591,43.7505691610649,43.8286451646559,42.4244607443503,41.2405291448794,41.9305661300309,43.0057457388775,41.8410121571005,42.1787485683561,41.8987597664434,41.1732789371048,40.7640823564667,42.4786301229678,41.668344448514,42.5266253158743,43.1395152578268,41.8682854162135,42.238868418983,43.0357522825584,42.5452007420552,41.7812809749887,41.217744374392,40.6682942922585,41.3587300008922,40.6943944303368,40.681667104759,39.9227593177309,39.6502564654774,40.0509430847401,38.6003713991274,37.0591946300715,36.774527992569,36.0757228732322,36.070973812977,35.1591091948214,34.461679793708,34.8542744307339,36.0139981851019,34.5604733467284,35.387954257684,36.229109111689,34.6709101121868,35.1142534031286,35.4695728469898,35.834439772907,36.6750340817898,34.9447161789671,34.3947652114453,34.00248754223,33.5957670667109,32.9905362487773,34.0321899529989,32.4938543204975,31.9214351524835,31.9853873731014,32.0000378536605,31.2206713737396,31.5257294965968,30.8772419056497,30.4792060428033,29.8170560086247,30.9061647902437,31.3251106587039,30.0146119136584,29.4336228692931,29.5939474402524,29.8570268340473,30.3359488252929,30.6589945717701,30.9559559720337,29.929970476479,29.9724330770359,29.9540283348304,29.8437405991278,29.8319400504279,30.9590212417759,30.7642785711931,30.4567355701422,29.7942131261909,29.8281743275513,30.5390422199388,31.6616430347669,30.5385357248625,30.7540500578609,28.8094305018816,30.3777724570149,30.5115754223513,31.4392337900503,31.8621985024311,31.7228027798907,33.0679049103003,36.2757913712573,37.5130163307555,36.88496639105,35.351308464116,35.9611615683127,36.4869249097262,36.6616642047341,37.0441461293179,35.3635221721433,34.3718440713125,35.0320082054156,33.4779642172486,33.3740252466369,32.7409366610706,32.83326136827,31.9715042008731,31.1961134246886,29.9007581315213,29.0309133927832,30.1487783957191,30.153202397484,29.5380448740479,29.0272596807824,28.6234328038677,30.0097047309745,31.7586477290304,30.2649625464428,30.3592428286408,30.6555230801767,29.0596480047704,29.4560968610728,29.3270410976682,28.3942924284187,27.3413341825288,26.6253718207696,27.2557458733824,26.2745839194304,27.9482153171944,27.4902080838064,26.4084842610871,27.5245750587119,28.6223331867873,28.5961433662928,29.5026745971382,30.2223396831666,29.3710440565888,28.8718118508738,29.1185496673517,27.6720372773662,29.3775536137614,28.6801339934364,29.4318661406277,28.955394810351,29.6926190081856,30.5384009624798,30.9143973100422,31.5786238481688,31.8791182090119,31.0684293426244,31.2658847378679,30.7101856126316,30.201796288104,30.0080184388583,30.0403248631822,29.4003954672168,28.1378223954026,27.0073853625396,26.3735295026606,25.8342922530179,26.2214651992391,24.8896725322139,24.0720325136226,24.6034622577539,24.8941126457885,24.5564162057338,25.2248684320532,26.0201395790542,24.7693784542764,25.5592175282338,26.4680073316825,26.4959600366991,27.4309485038028,27.6822416666066,27.8981809170391,29.2545882416293,29.3079566825025,29.1001222962497,28.0903906129922,29.1693882146383,27.850370050788,26.9925564942973,26.4180591189411
36.1010208553905,36.0093410909805,34.8325011418609,34.2426833235802,34.9550146519287,36.9222537964491,37.1237965226153,38.1329063648964,38.0899777961315,37.5352183071607,37.6111084783316,37.8860654383535,38.3739328201352,39.5916214430431,40.6736323413062,41.0024221175815,40.8171455963774,40.410564987424,42.324110030899,43.6081032102063,43.0293362762045,42.1015623507746,42.5786062701343,41.7597943736022,41.5924078702642,41.920813627914,40.8887916428509,40.6730842371576,42.4447588117205,42.0757311402633,41.3004342649594,42.2193895232142,43.2057956397106,42.4172018626618,42.2509986574729,41.4581151737588,42.2993884736668,41.54912519109,41.0985264963511,41.8480185118659,42.0456096469558,41.9026927505525,41.2445809102266,40.3061967802069,40.2505570793678,38.3871663734759,38.0517220934623,37.1725103562601,35.7634707643086,35.5805437120814,34.3588991942586,35.382623194324,35.5892773006468,34.9722425810934,33.9829445234117,34.5731046765174,35.8499209032974,34.9329773939902,33.4868663952855,34.9000942006555,34.9568168572048,34.7956158236039,35.4157904125047,34.1481362195682,33.9625280973569,34.4008790063294,33.4359695705784,33.2448808263979,32.4893731838548,32.2482851766473,31.9219980318011,31.5293840406975,31.1755388569188,31.7469305248391,31.8912733638668,31.3448634734966,32.0369605994225,31.514377054655,30.4176563554136,29.4163439288405,29.8993975723639,29.9279671733045,31.2018905242408,31.1456153180436,30.9477457650643,30.5513249928497,31.8423104907786,31.5955172275482,29.8936774592386,30.1086705387131,30.1506388349286,30.3161887292907,31.7842857923902,31.4893675760635,31.0433780898303,29.7823371071797,29.6512668037127,30.492215773777,31.3833839579739,31.2721350401924,30.7331382660136,30.6560697136721,31.0855365912684,31.7879796769558,31.7966198229723,32.152986229398,32.9992347448667,33.0137668106365,35.0263006774095,36.5147445887917,36.5777723556662,36.3591656496709,36.5033052804876,36.2143902677199,36.0947701736449,35.2603633162983,34.5578670100877,33.8664240256821,34.2547331522461,33.2681711803331,33.6487519592778,33.3238514259559,33.102863254697,32.7233299043758,31.46043137546,29.0799926716031,27.8621654924858,29.1667853139239,29.6733051198111,29.6715554407993,29.376528545372,29.5323063511377,29.6365903689529,30.8020924079811,30.9096291925876,30.0596072031716,30.4559923185661,28.6467372231329,28.8910553378282,27.7849556920776,27.9488186615222,27.5539015814469,27.3348680585686,27.6497219467101,25.4441738816234,25.7241360222272,26.7599411011249,26.0006467340319,25.6313152829064,27.5647891873881,27.8372162011306,28.9892065897819,30.0616527075967,30.2877747436251,30.0748133772879,29.8657274787352,29.3882137498185,29.0030213159039,29.2339152416819,29.5692772867485,29.3632938897593,29.1009203493385,30.0034793282817,30.9117536546657,31.1430024585892,31.4460243463792,32.2118846315737,31.472930279201,32.0604950995437,31.0009487696287,30.8352115843146,31.4088068463507,29.8808082921235,29.0672104475873,28.121001005879,25.9936494893205,25.5488571237455,25.0160249573877,25.1772493348969,25.6707873514228,25.8923668180784,26.6169196996958,26.6076554394682,25.4863292961407,27.426360168279,25.9268233175456,25.6989875527497,26.3551494880867,26.4335641167341,27.2183726722248,28.1024245694943,28.575648123623,28.7387304070607,30.1331004651089,29.9392294013756,29.1024643049927,28.7620207714685,26.5527692466035,26.0136769019022,26.0628672430563
36.4760750700851,35.4550137254903,36.6068577583965,35.2051549923525,36.6187790517257,37.0292821807376,36.9519332233813,38.046882108386,37.78607357547,36.8589766344312,37.0845622114031,37.1254854708071,37.6723841145224,38.6234654220035,40.3123086419128,40.262152126601,41.2098734793736,41.868435319471,42.0038505134321,43.2160954025,43.0457401284249,41.9853148525451,41.6999838402587,41.0428479299757,41.5135206954157,41.3825054089969,42.4611739854767,41.8736063897738,43.1326614566271,41.69734446281,41.8897026210118,42.6283977059788,43.291893146877,42.9423340362408,42.6515794474972,42.567071934915,43.1016763253907,42.357219812613,41.9721631272633,41.7619564846684,42.3250162246619,42.098274769213,41.4692696655948,41.8777957527878,40.3043634177179,40.0021407172411,38.0919438092839,37.9344009605036,36.2627509879586,35.7517675729989,34.5527558984592,34.5035284515193,34.164751170542,33.7384976877654,32.2362089169273,33.3099197237189,34.2106024892946,33.7144120021099,33.579682213503,34.3015960126922,34.34872634371,35.1086032775322,34.4526672701544,33.5395102433525,33.8018617696545,32.923063707278,33.1277172487603,33.0249699919526,31.1137001819074,30.8691914430942,31.571384087184,31.575680885681,31.8498706351154,31.4324044834297,31.25294074642,32.2860592223419,33.4088661537811,32.3950256795195,31.0312827629978,30.4548116158414,30.4699520385098,30.586045769422,31.1160161076862,31.2739150176866,30.8164635862015,30.5851632540726,31.897575204109,31.4664719635073,31.067469957302,29.6425048053191,30.4098240455802,30.5500147409837,32.1471120692724,31.6189464364356,31.3642989493773,30.0010643993607,29.9187607569896,29.8503661029143,30.1391355453396,30.5022857881677,30.0580354885854,30.4551265929718,31.362539731352,31.4669113402787,31.6893798554258,33.607094608101,34.3966581000539,34.267887587001,34.5271138633408,35.7874155814522,35.6892019769256,36.8669075147257,36.0969049426142,36.0770716724401,34.9761017614319,34.6573133253325,34.3399863266035,33.7135279807253,33.1660478213854,33.0039444204936,33.0176183247492,31.8362856150315,31.4102631689161,31.065648940185,30.8284593171617,29.799615903116,28.5165758506406,29.0457680038234,29.9176991709508,29.7974341288675,30.383389472857,29.5440732505447,28.9751075963781,30.1838954339375,30.4965328804363,30.6844504164989,30.1911976966969,29.0335052371558,27.2365450627733,28.2253942796748,27.9807605675046,26.3933961549045,26.3374229342647,25.7652895763567,24.9161186913649,24.9439835261284,25.7493843485343,25.2394508520357,25.6282726646744,25.3641324126598,27.8075605314168,28.4349720089955,29.1345086430462,30.2159158079189,30.4846229988795,31.6730261645144,31.4959580765385,29.5556751268018,28.3656959377183,29.0149922827303,29.0747735421985,29.1309283709601,30.5703594127089,31.5264224380538,31.6918631876816,32.0179373995592,32.1154173871444,33.1723431875117,32.3361664524554,31.9712973837597,31.7644925520227,31.5651000453037,30.6430480344652,29.4025532604553,28.5115326203506,28.5262974457267,26.2341620550088,26.3641182795932,28.1596339555993,26.6505805687318,27.5340785049134,27.4003614815069,27.9514716745035,26.8245003058422,26.5455572441411,26.1613358999729,25.5243506763219,25.7976552131907,27.3289688673452,27.205173742929,26.6547684965912,28.3567205085751,28.7143221178487,29.1052568498033,29.6909610708849,29.2559127191817,27.7274714761764,27.1673423092009,26.3477432246802,26.3009745594403
37.4361771999572,36.1226520062626,36.6962672023335,36.6699425177839,36.5589793786013,36.1764893976941,35.9513165911397,37.8293065437475,36.7702084757538,37.4532662444697,36.3833731625262,36.4248233327868,36.897135625622,38.3242317666237,39.6164455420974,39.8191017920903,41.3065662036602,42.2163492103569,41.9321437623376,42.9955753432086,42.3563230808159,42.8354329308437,41.9995324413051,40.7092706036729,40.54499773624,40.2951719372933,41.0503887657463,41.3037770889567,42.1642665222709,41.2789254068377,43.3122275381599,44.818612195976,43.6769557792559,43.5072830535182,42.1694421978826,42.1622950969348,42.0889955311347,43.1891162528651,42.0388926064854,41.7656033642436,42.2036895299461,42.4816245494387,42.9157238752042,43.1447656771131,41.4217330116324,40.9824084800951,38.545871565771,37.8210898966215,36.5299068626073,34.6897050620866,34.184399909481,34.0813610888657,33.6645948796962,32.6101660569661,33.0114244945976,32.8110858608933,33.116290669145,33.4469984969142,33.0628261311184,33.7299716259139,33.8501210077277,34.4469681637333,34.2632321494306,33.8357416113115,33.1583935193832,32.2900179873066,32.3322489998291,32.9314970888339,32.0514999437828,31.1885263042968,32.2139749874534,31.7886058870141,31.8554854203293,32.2470701397452,31.7404899552365,31.0384051517738,32.0460702608594,32.675152499951,32.9880266726707,31.7806483299725,31.0864325049013,31.2000069631992,31.8338185490204,32.1956397781483,30.4970773836519,31.4684280604,31.04790578682,30.7867907265887,30.6379985155308,29.9464485021048,30.3882924152243,30.4892973409896,31.6156989087904,30.9183801066531,30.357603040441,31.35544031644,31.5002350376624,30.8572869792115,30.1793555447976,30.2050206708677,30.3804185511048,30.1002558872737,31.8499397689615,32.1971173656687,32.2391331779815,33.568500418816,33.3916457857418,34.7600666864102,35.7015802250354,36.5074526087287,36.6692025764309,37.5219650428063,36.0843611302051,36.4642691929254,35.3031524256271,34.7293647220029,34.3503419000733,34.6312849051228,34.0812465044553,33.815395360587,33.9332377526237,32.1856545827427,29.207341153229,30.7926213385596,30.1389384893204,30.6882976975727,28.4855675956483,27.6329644751464,29.049901697301,29.4479428484458,29.9946600801716,30.1053824336907,29.1607908656623,30.8903188153864,31.4667947936902,31.581367421437,30.9024828752201,29.5756002490112,28.2989341500476,28.4731316416269,27.6432974438843,26.1477845449707,25.7633951895127,24.7754459889836,24.7324352870641,25.5398861013233,25.0460853860668,25.6227277718739,26.8197536231421,27.2363502131196,27.1713218071638,26.7195338449595,28.3548027230077,29.6844550299299,31.0338039512393,31.8369992425611,30.868443060265,29.3366411977096,29.1229958413408,29.0123672914898,28.6454749379313,28.109093584575,29.512349568317,31.2024564914397,32.7761846788628,31.1455492151612,32.6353912846995,32.5282023912817,32.9569292200634,32.2413893907147,31.1441039438387,30.067576398082,30.2206852166426,30.1255542245203,29.5104885268271,29.3961283827134,27.0428661339242,26.8482049032836,28.2129979852914,28.0756928117019,29.4992290744567,29.7071388235389,27.7557832822347,25.7386154389843,26.3169649847298,26.3624305887995,26.3319904666934,27.1426345386025,27.1074302808751,26.5845294153645,27.4835072993507,27.2671896419893,27.6560397174388,28.162829276234,28.000716933587,28.9107895494469,28.4436174842427,28.4748727371062,26.6667465876087,26.3798570708162
37.4466419365531,36.3987581182662,37.7604673600752,36.7483597532323,35.7581050926147,35.1835026337843,35.4539703460745,36.6421985863923,36.6951122235388,35.5669674577605,35.8703919727015,36.0924587788387,36.3668197393353,37.2487082754808,40.0768562014072,40.3516804655047,40.6149066400913,41.6348695126918,41.9610815708197,42.2391392439016,42.576548868716,42.2513280305973,41.4132438455828,40.7595087306981,40.0714496523765,40.6313803018984,41.6672456611164,41.9654556852879,42.2595810176289,43.3991942662156,43.4238278060618,43.9916065672244,44.1757194666168,43.3271645804036,44.1589191444183,42.8696408448788,41.1007457169085,43.3763184345515,42.9465390742527,41.6132004286732,41.8216760780036,43.7915811320707,44.0957722925772,44.0543898422861,42.6249701709616,41.015677090408,38.3948027879517,37.4193103327802,36.7465110929179,35.9365567401831,34.5715127708545,34.5849158212906,33.6376337433699,33.3167163487474,33.783106439452,32.3087379609914,33.0732853044252,32.3543049586836,32.9948168534364,33.9568759638356,34.2778237672886,33.0804990574845,34.0941085651847,33.2651687016038,34.0467650279741,32.5893424158865,33.0873479124917,33.532575387589,31.1401102884388,30.981894285094,31.247420930322,31.531944909681,31.5630153063646,32.1222714654216,31.5114726306865,31.8078883994883,31.88602821921,31.5149601710441,31.9942337806373,30.5177656691595,30.4657061188381,32.729367881738,31.8843346956293,31.3628709121145,31.1328726518022,30.7542583053666,30.8096522689554,29.7687648524954,30.3161836957971,30.1011249015247,30.7235607288822,30.2116856904167,32.2597060941196,32.2586890018926,32.4143641263209,31.7952704422238,31.8855392227671,31.674440206619,31.2228173807819,31.8125687805671,30.9446459822876,30.8734602181983,31.2338865076822,31.6852593801289,32.9504908251309,33.076248459821,34.0439486968362,34.7682192359648,36.2511783557237,35.9971436617853,36.6243301024418,36.9599637885637,36.3069343815268,35.4697620513104,36.1409110075187,34.7880587921423,35.4734808410863,34.7922705731503,34.4753855810511,33.9677645015872,33.579234968715,32.2115598146545,30.5682088901963,30.3599551865901,30.387230657939,29.3715014833628,29.5010294754994,28.723435835354,29.6752990907226,29.2658160519471,30.3524936878847,29.6463127244208,28.9986789480372,29.4658578429722,31.0494078125649,30.6828905470587,30.5700949573241,30.2665005748787,29.4259960361964,29.6099120803057,28.2255547516668,27.3106419985134,26.5525118550821,25.4874593121238,24.5379753649526,25.0177385344954,25.176737307778,26.2315099515115,27.3219806367275,26.6204159898061,27.1052259485453,26.7239923189539,27.6741291455422,29.0585713200708,30.9842149381069,30.9266120149506,31.7170485817433,30.0336715911815,29.040005421007,30.2999082650706,30.19608297062,29.6088017427468,30.1648720461499,30.6834323710787,33.1112414090351,34.3380908047407,33.317579922773,31.7497715860182,31.9254625019904,31.7542360265455,30.9248875264742,31.7601488160704,30.2037811389414,29.4021817704576,28.9031228526271,29.0201775900488,28.3190722689369,28.2757367835248,28.4829651148915,29.248940920652,29.6433273839375,28.3232882752236,28.6803250092935,27.2627963595773,26.7954557972077,25.5406223619258,27.6208420593793,27.4463793631053,26.6095443239169,26.5577216985806,25.3077044425304,26.2495603806045,27.1927386550062,27.6407785048771,27.8174126972726,28.8936541799804,28.5941826694209,26.5149561386271,26.3010850447641,26.6202596770482
38.7922278132399,37.3910530097263,37.1395794555705,36.8372510497148,36.7365402872589,35.699071503719,36.012225584006,37.0694302054538,36.4567529549458,35.2458524079184,35.9465564590512,35.4688063754425,36.30301629158,37.3765522637794,39.127137984329,38.877199030976,39.7192089425175,41.0710535195159,41.3459643261006,41.943923432089,40.8712618609932,40.80123795615,40.884257629121,41.4303689699907,41.9163452242031,42.3971276706309,42.5425079179314,43.9230402879481,42.9835034250155,43.2143437036644,43.2103352509871,44.0604976446538,43.0688924090282,44.0404404709162,43.5427680647903,43.3125105604482,41.7702063656288,43.0409443681418,43.8922526525019,43.2499183483574,43.6446944794216,42.8967122576569,42.846013477467,42.4616172670594,41.605053235211,40.670295840188,38.997260748231,37.8442709286263,37.3947918149307,35.985947856939,35.5440754853401,34.6518398060206,34.6086456595474,32.7465630086648,32.3961171343116,31.5030376543058,31.6471490393944,32.3824787210408,33.054791674985,33.5926947788135,32.8227471984749,33.0335509353284,33.1670230061204,32.9478249323906,33.2785689685496,32.4508806914924,32.7396106156779,32.5698606553242,31.8534867511414,30.9388143201218,30.8663947350083,31.1990840090698,30.5327516772482,31.0919817539914,31.3565635378154,31.3505602621238,30.6497495513776,30.7672896962293,31.5391456399885,30.4752254079394,30.9246859645826,30.7826810806269,31.145770626963,30.0282615445302,30.4222818295326,30.738334078547,31.0806686293746,31.0509854430146,31.4617278582467,30.8182974606325,30.0317490759687,31.4017110056404,31.2674333595999,31.4407713279425,31.3215992960977,31.6482383648009,31.8552632434138,32.5216933728873,32.1235643660941,32.1078343544639,31.3993225339369,32.1195421190583,32.1267147314788,33.1346061642959,33.9609760098133,34.4249719164873,35.7684201497516,36.2632612131255,37.8169531115972,36.539339432873,37.0854233485941,36.9829843885625,36.589252194308,36.0012701875685,35.5630911633012,35.0129627600849,34.5274364718746,35.9691972926041,34.5543261697696,33.8480209408487,34.6689817633618,32.4056736998161,31.9616888437089,30.9421183138989,30.3655959609659,29.4868564378112,29.4039073921097,29.119431133221,28.3696436664123,29.3441010739651,28.537504732231,29.4941015381222,29.2623880846828,30.490203860284,30.5664666511051,29.7355576821409,30.3373104633469,29.8413772151892,28.5544064467112,27.3252104177004,28.0532342880004,27.7635732297359,27.9130995734493,25.6004546902019,25.6674716337706,25.9115618479632,25.93603317744,25.4289134271591,27.197631089409,28.2748715623267,27.2564342541225,27.7690985079538,28.9632313393212,29.3187732872571,29.2904806295771,29.9021053297713,30.1573928577081,31.2090715101573,29.3097795609583,30.0055409568923,30.7890093757442,29.8895329357908,30.5612315399104,31.298946519969,32.6201196029761,32.5793145659863,34.2141744935515,32.301762014239,31.7300266954487,30.7893537483037,31.1079498407666,30.477934053252,29.7689192226933,29.1966221926157,29.2163332208893,28.864637887374,28.4467778798789,29.1181027397919,29.0405500975969,29.5293583055722,28.5243069822675,28.614768894988,27.9841526327554,27.3321350604083,27.3023622740256,25.8478545324484,27.1596784816876,27.1972477758207,26.6802525091065,27.036179732877,24.4746748845627,26.072714482262,27.2140623023285,26.6418801641097,27.9208437656798,28.3047457383955,26.5509519500197,26.6328713015796,26.9642436721901,26.8321196269525
40.1167443972489,38.7612605950727,38.5616184048392,37.4567703405619,38.6743470548327,36.4480162004647,35.6094154296155,35.1513942069576,35.2308708809873,35.5084066671342,34.3489673804472,36.1375976644763,37.3057699138763,37.8880497681982,37.7018407686475,39.9530292060894,40.0803203971141,40.071264197408,40.5414782308981,40.02365555965,39.1862952694499,40.7553809405416,42.9385667613235,42.353335263471,42.1241040294607,43.2103084649047,43.7200582426764,43.5765363771315,43.0878057497834,43.9509844089108,42.8455788267615,42.8090512181686,43.9287339925515,43.6544490662935,43.4029079315081,42.8307470592523,43.5355057679925,42.585875727237,43.0442704099891,43.6844934898826,43.0076313919383,42.3766811439144,42.921116759925,42.6315159827181,42.3684533081448,40.8902663999482,39.7874254952144,38.9873087910609,36.8711787297518,36.405231151782,35.7799894383223,34.6823264334305,34.4220885330562,33.5967716650966,31.7800097326413,32.4889309865425,30.8012004524921,32.5287848480865,33.3473915823545,31.7049302889684,32.046887481251,32.6739625760588,32.9409900170791,33.4837439035324,32.980535784746,31.8839466621903,32.9582272725534,32.3958172289646,31.395389074515,31.0122326253793,30.3000297568628,31.0653820009852,31.2640139120507,30.9491595067753,30.749750904705,30.1076977181517,30.8664766153892,29.5785719661512,29.2781136142704,29.9137039193803,31.3423425576324,30.7612037690754,30.7321039133531,30.7170695386877,31.4117678762235,30.9714941524447,32.5728503228666,32.7157087033979,31.1642509105484,29.9231256008458,30.3969057235968,31.3968650270733,30.7948496615264,30.4725509114752,30.938762061543,32.4980873101035,32.9832641526663,32.851594453569,34.3156332183536,32.8820624571136,31.4624072037459,31.0842402382003,32.5593340147279,33.4448788726149,34.4154557870992,35.1156018370713,35.9779899361411,35.0146525277334,35.9857169879818,37.8327458096441,37.3303305994895,37.6061332942893,36.1768209661329,36.8774122438074,36.7038607199025,36.2888832243196,36.7778328564788,36.2944658421142,34.8921139827328,35.2624119931855,34.983013848046,33.6245731074639,32.376446803444,31.9443268960113,30.8840405964435,30.9820899636977,29.3571514299246,29.4896561830266,28.6987155847734,28.3330250564022,28.6731719934098,28.7265907999115,29.9328325545171,29.8873431578449,29.1934204427886,29.8897140594383,28.8298486409333,29.4488078635871,28.0925636593275,26.6152699052307,27.3058795999983,26.5403535073729,27.3302488522639,25.8753633096261,26.9804570153913,25.8633256363951,26.0373507030886,26.2155855645337,27.3858929333371,28.120839358725,28.1550673440694,27.0031303008713,28.1300133149517,28.5318743019414,29.5293998604838,29.468180142815,29.9792417253596,29.3349426514573,30.059543330682,30.2669929711775,31.3805009663503,32.6870258344852,32.3899971484047,31.5567186255582,32.2929461839061,32.5670485185533,32.9573268604628,33.5569791109374,30.6556862661033,31.0480510479696,31.0862314966656,30.2308633114448,30.5625375423559,29.026573484882,29.496841554179,28.5131883449721,29.0264550451218,27.9316786423861,29.563395223327,29.6142692872224,28.0249837385405,27.8006680686755,27.3698237929434,27.0942656524175,27.5082122851482,27.2322972399212,28.0781001093781,27.7386248740288,26.8436746220053,26.7119211944806,26.4480763961407,27.2668160257732,26.6156444371024,26.8140089861702,28.1645024185308,28.8402112216122,27.893418729107,27.8424543710613,29.3661244767937,27.7325359495997
39.2957414784054,39.1635186322638,37.3607518642126,37.902317342752,37.3880847190821,37.380280055761,36.1450662397347,35.1322839504922,37.2156755533788,35.8642056630254,34.9776405367774,36.2004251209746,36.8508125068929,37.9681386367187,38.3059908843248,39.23583893784,39.8867905690434,39.1645759496216,39.6537504081514,39.6886227945144,40.6684202298422,42.1275193370059,42.9146671957215,42.3540372653467,43.6447237463411,44.3275033977035,45.0060983666844,44.288671497677,44.4930088542539,43.5752083868972,44.2361512074907,43.679479039685,43.5212884697802,42.4782464990577,43.0628323057932,43.0407591999474,42.0385581910349,41.9976931658221,42.332718053292,42.6631337413422,42.4168262489008,42.1191762585049,42.1542012391752,42.5320821802785,42.7577595157054,41.5049416868728,40.1710090077626,38.5672059390689,36.6105730881555,37.4397087753862,35.6556798769029,34.770050381055,34.2839121010953,32.4950828365315,33.1159953312125,32.2413342218071,31.1843724239014,32.2776864880703,31.6201488799133,30.6591856343239,31.1164099490558,33.7855232495542,33.424201365848,33.722707670442,33.9013084597448,33.6395827658812,33.7573041566868,32.5714095380376,31.8543634937093,30.4803372705616,30.5239914330154,30.0573125176492,30.4140673941232,30.5120832682174,31.1783554140249,30.2830880233802,30.3875550217331,29.6750342158926,29.5913489752963,30.1941349265725,30.7850859360367,30.1995175015356,31.5242900215461,32.0083086572317,32.1933049968521,32.3394436080064,32.7795922053397,32.8635628281962,31.8536991176394,31.4765320592083,31.7884282372262,31.2061337846606,31.4574088924544,30.6707453941682,31.6942814884992,32.2089212618064,33.4930037582686,34.1694003904747,33.4944264913531,34.0369493467777,32.8923377014881,32.2577985768464,32.3301403732557,33.4688640376765,33.8757814809556,35.8002839401457,36.1867197503865,36.353274515698,37.1326994412393,38.3350862468198,38.6026803464275,38.2074786916353,37.9968349951281,38.190894540162,38.3674455413267,37.4329776049719,37.4399478523201,35.9762755179816,35.6177977155577,35.7976767306874,35.4003108223392,34.9718717578716,33.3476374290939,32.7472000271959,32.2360080216048,31.8650224877672,30.5571114852257,29.6153736141379,29.8056073279064,29.1396744767113,29.0571124352815,27.972738617666,28.7541297301053,28.9687120073463,29.8043041979898,30.2593507782071,29.7437640584517,29.7921462830018,27.6333601953162,27.0297938472775,25.6457962728705,25.0410617670964,25.9459152518061,25.8789096043269,25.8892343363681,26.3967004431817,25.218003424188,26.6673898687461,27.360188520191,28.1128737900417,27.1525942097423,27.0810860746891,26.3026721378164,27.8191587385229,29.0739993204628,29.6382471429614,30.2958855038175,30.108217252028,29.6235560811771,30.0881915427943,31.7046905327266,32.3880371514073,33.2095717605351,32.988511377502,32.5982579752077,32.646862962678,32.3303062597733,32.2041503825185,31.2577297301414,30.9192238945803,30.8164137400712,31.8468368467619,30.676943428038,30.3193117080861,29.8047570928543,29.8451327476988,29.3604835805145,29.3724992745595,30.8214316242506,29.8912109167557,28.0370639595903,27.6108657930836,27.9273372954141,28.6184357617879,29.2426570272934,29.0828490917433,28.7616051101225,28.8947731153353,28.0113746456518,28.1376872474643,27.3205619082265,26.6092531724817,26.8294383837715,27.6985770019381,28.2053709119664,28.7671652240448,29.2593379572409,29.3160732912204,29.5064105448366,28.5957918698636
38.5896110315866,37.6386194914351,37.189370857134,37.1964415602851,36.8589065679914,36.874805662273,35.0395203717652,35.7586648497952,37.8162666951892,35.7325837132507,35.3165301134125,35.2480904685431,35.8986666757872,38.163329389308,39.4389981291897,40.1469415745455,39.9628309384918,39.2042379118239,39.9550728462184,40.9243035111755,41.2679588554417,42.2157257148125,42.5617993868093,42.1388061997548,43.9061614242899,44.793788405081,44.2875051725691,43.9732822940293,43.4715069161568,42.8949724505907,43.9019016738259,43.7485406624926,42.8923276841998,41.8928209297669,42.3414041356393,42.0991009583429,41.4710402774126,40.8344576303981,41.236016096975,41.6566410760814,41.6717012659784,42.1163309585329,40.5939170920269,41.6067193516273,41.1991595565307,39.1175408572156,39.3434049138877,38.6828549878639,38.3775402980288,37.3340435758987,36.2657642856885,35.3627303837355,33.9141637644544,33.1467994080106,31.9200677644244,31.8517144365789,31.5961784699861,31.7325422340933,29.5532664945258,30.4955937345705,31.6235584811757,33.6091497570826,34.1177489438804,33.7874819057851,35.1124127867319,33.3626396783596,33.3827645531664,32.8869451792558,31.477848161928,31.3616593021258,30.3246915142601,30.2833569837705,29.1174725639276,29.9419602220071,30.1168983280859,30.6893575583092,29.8936740648056,28.674301944,28.8747703401326,29.7548520326822,30.6299319414308,31.1909708526598,31.1743514658929,31.3068686015206,32.7692579100814,32.2694442203024,31.0868883955587,31.7922547505105,31.3362484738734,31.8437905316789,31.5667759044207,31.3083747833272,31.3972597129659,31.8221481997665,32.6788719656936,32.6895321214975,32.7450128305088,32.8185918916602,34.0945970510255,34.0966923642301,33.677109300534,32.7170271278155,32.9037584690408,34.6297967810436,35.0605262191836,36.5760762343079,36.3675596263623,36.3320973034456,37.2198408293863,37.6956388856107,37.2764963681661,38.0442086331003,38.2972681983302,37.8874234677961,38.1566901086268,38.1966207967806,36.0480326627957,36.0193386727481,35.2730499137573,35.3698869371868,35.2720655005974,35.4514855152867,34.139393906509,33.026985106163,31.8364677568516,31.4564337796699,30.1554889996964,29.7252551423877,28.9237440288324,29.1279865958645,28.8975622312438,27.3676012128992,27.5598400337101,28.5703626002414,28.2659792888815,28.6430241784903,30.1656917136658,28.4707245390676,27.1241730887214,25.7516064985612,24.7998056095372,24.8043007965639,25.9730412665106,26.8418093677941,25.5526733284597,26.745828672348,25.6661312598578,25.7862747038209,25.9025979550681,26.588901929588,27.1571495391991,27.0595622592521,25.8723352672999,27.1906373795006,28.6293368259219,29.1320909221438,29.960325787308,30.4504347460291,30.8192656047886,31.7618868520209,32.0417022531602,33.543500007052,33.715953420127,33.8228336069082,33.3647431993076,31.5818818538212,33.0341772745628,32.5529928473581,31.2523518603636,30.8868071723033,31.4482682706374,32.7214455460619,30.8625722653095,30.1773217425607,31.3592261305706,29.7721188305465,31.4462398967492,30.0958571298742,31.087679906312,29.724487112188,29.4922070131433,30.2302653732124,29.1630516916254,29.2043167766736,29.8352241962695,30.554905763769,29.9669210832576,30.1175203763359,28.9430422638879,28.8595112827607,27.3828908041818,28.4749591353833,28.1124789382342,27.8355798925874,28.5378297929094,29.219132728945,29.5119514511916,29.0528496312182,28.9245850282922,28.9667387361152
38.0882989424502,36.4637788114423,36.3066055093217,35.3425745702769,36.2916739710448,36.1570935653155,35.9710604200884,37.0086893541924,36.7584419999365,36.1218952469654,35.8156479311355,35.1134434461038,36.9120500335153,37.6949903904054,39.1375198685415,39.4967007495701,39.4067542136704,39.7905364284015,40.1579602237477,40.161011124298,40.5019995587904,42.1067076258809,42.2103488067157,42.8189874479653,43.0980608621877,43.5810949534193,43.5556526184214,43.3183364581226,42.9488616053988,42.9370980059348,42.3951899681432,43.1676187681543,42.5696016420028,42.1806156102148,41.5417056634514,40.6608069752907,41.4456090165524,40.3205955764837,40.6044265932322,40.2229062984959,40.6674212795664,41.8904085513,41.0439888523187,41.0436681559143,40.4459069357067,38.7289385540267,37.4353733023536,37.4248729601259,36.0319202735678,35.5473666250307,34.2569443135939,34.3948189578267,34.0741055181947,33.2839675279079,32.7076265773008,31.7430658709019,30.8545132548123,30.3419638234119,30.0252838354929,30.5115670601911,31.9825378471661,33.7832948909125,34.3748135015594,34.5717217364405,34.8679282659595,33.9445618190257,33.2179898834562,32.9627363204469,32.6007562154074,32.6002698141537,32.359829694097,30.9558122622,28.8127649401505,28.8395530404324,30.57443019217,29.6318151224317,30.1993608161613,28.0266950634771,29.4298886502211,29.1664885691375,29.7302455893612,30.5868844708877,32.3846981598645,31.526396902787,32.5011740781969,32.1724131742659,30.527052091932,30.9414236164199,30.7733001487951,30.8461665959962,30.6244614765568,31.8802341450846,30.8753427415564,32.3672817080964,32.9065347386835,32.2833974007713,32.5970783028898,33.901819618232,34.1784325991013,34.8531957077677,33.0540545399183,32.816718382613,34.4582081243748,34.7396816483585,36.7430588322269,36.9628345309222,37.6847006375238,37.4359920116619,39.2377092833342,38.4383181639316,39.2152164349596,39.0940157122731,38.3033523968094,38.0981613331968,37.3049072212013,37.6165847883297,35.2339098983227,33.6209422711536,34.6349163332245,35.3406192810369,34.7784466716225,34.4835405184278,34.0336892264693,32.5007128407151,31.7392264183679,32.4127984344591,30.6935456167268,30.1487590473559,29.4268202948149,30.0813097125946,29.3304030576268,27.8671672114033,28.1654247404371,27.9113470209326,28.6344406747432,28.3794888638178,29.3526044116128,27.1708634380313,26.8991092099764,25.5951170734766,24.2708875981718,24.8584830003959,25.4033215080007,25.1416520245435,25.0532602194476,25.6128219092645,26.4545592476025,26.2166646853478,26.7734598543966,27.0592628892028,28.7518949492484,27.7722595815965,26.4149017214243,27.2646024632419,27.8808500070627,28.7942371465913,30.6208888363193,31.3746012833367,31.8190824158026,31.3732368605847,32.3415928429564,32.4315806317288,33.4442657578182,33.3308423688985,33.4872620713857,31.322086975544,30.9983466550937,32.4861689496076,31.7796174768605,32.6977003872057,31.7020961742751,31.5102716699104,30.0798196921245,29.3311672498525,30.3089654503898,30.5551928393654,30.1133688907474,30.5147569273582,31.3241642598138,30.4377813337592,29.2787748675461,29.7268851023669,30.0827303263299,29.9058241203162,30.5604756504737,31.4648328740756,30.6566893812441,30.2782941665504,30.228734204503,29.290031435937,29.3453363418585,29.9658355228236,28.17036890055,27.8353381734606,28.3685458607515,29.0556898005438,30.229200721735,30.1920298404626,30.0207280941917,30.2184516562357
38.7587003675694,36.4184656423155,35.1689663082813,34.8362826320043,35.6431846762644,36.1569708577143,35.8745875387707,37.8236866649627,37.4063232021644,36.4093337266166,35.5432550747698,35.2128683378157,37.6123270003549,39.0072570246405,39.1163205906859,38.5585236681195,39.0155761527274,38.9179573820894,39.84940376497,39.828073799058,40.4222326475954,42.0436653696193,42.8133708186556,42.7325179998584,42.6718304112842,42.242483120184,42.1730540001247,42.6924070375289,42.8861907848188,43.6739492984948,42.5395625531871,42.3469119351232,43.1539246964614,42.0333063609542,40.4799860615025,41.1175322762311,40.1676402876202,40.9851610933363,40.7215302247814,40.4238661832424,40.2893088383662,41.3098993675964,42.3014040871767,40.7126605515469,39.1989478243376,37.9112239305334,36.6343893473579,36.0631486362031,34.9093248228192,34.0289073874212,35.1068906961926,34.6686019354549,33.6518063652202,32.9730022709585,33.1443888481524,32.4564509458198,31.7601501454198,31.0018667964428,30.9236272830989,30.7702416792902,33.0375521609085,33.7513879786235,33.8330848601321,34.2262110322245,33.9338077168616,33.3665604180456,31.6413764432277,32.0685118328911,32.8020219570384,32.1263570981912,30.971189622248,30.5239048794874,29.1020378558392,29.4045528845065,29.8758374070322,30.3439090691465,29.3723209135274,30.01560265103,29.0215700036266,29.3529112941942,29.6147801667265,30.3020997066331,31.7398008771797,31.6668605774803,31.7820667440805,32.9446468567522,30.3960337212488,30.914342345518,31.8688303920916,31.0544955808805,32.3035242080989,32.3787772558805,33.620543527566,33.2090989164247,32.6308050753953,32.2333873607935,32.7036188323828,34.6763272396603,34.8767498590936,34.5722423617676,33.6350454973135,34.9431947658466,36.1540176332225,35.3276187027508,36.1249763456489,36.4169399900594,36.6345841209496,38.3528086418489,38.0120513755742,38.311716582607,37.9987828542776,38.6848134539285,37.7193358143595,37.0208215086524,35.4261482236562,35.1964410828192,31.840677635947,33.0095258997478,34.1833622052864,33.8842993165694,34.764583860811,34.4289736894576,33.4734641141793,32.8993107775111,31.7827758724533,31.2669918001166,31.9561959310089,31.3749774097371,30.2248658974559,30.3004960651901,30.3662333870021,28.1917837807629,27.7349942090504,26.9241474752033,27.443843902525,28.448366838399,28.3984258901783,27.7237656107141,27.4580617402258,25.5827807262623,25.9525221771509,25.1147700673726,25.6371138323957,25.0742770598443,25.6480325751119,25.9778429963379,24.8506849738398,25.2285216751575,25.5333615322669,27.4088401862132,27.9286343982372,28.3325293352845,27.7712492586504,27.957310368085,27.5384361899611,29.3251028399771,30.6495441749283,31.1957410284545,31.8087693763363,32.418516847929,31.8354525345137,32.2557035518763,32.7286668658994,33.5648379672765,33.2484735638168,32.4541305100372,31.9857101587122,32.3473726995619,31.5871325435071,32.0825780256096,32.3058197833249,30.6602592134103,31.2186082663801,29.8674685445417,30.0338047308669,30.4379583680434,30.5495719601447,29.7653104386896,30.1655396046224,30.5624082064094,30.8010465777062,31.0771652712454,31.419014295922,31.6869684559078,31.8418829964358,32.5581693104129,30.9095720096316,30.2031303718087,30.8018095786704,30.0633013657586,29.9505591973493,30.2498008156034,28.9663172539864,28.5026395715097,28.9061848591861,29.7135564344585,29.8362890939669,30.2396677656245,30.6061723523201,30.3050474877327
39.0621017971915,37.2110709343526,35.9520944957081,36.8466366340814,36.1051524990513,35.6098666492852,35.8704435319164,37.6780184386249,38.1259539132226,37.5057024564104,35.7091649924378,36.5047139142777,36.0589174742096,37.5800873879655,36.4807710842381,37.7229506004805,38.145063038813,37.4796405010917,39.3122246758895,39.4347930659797,40.8998001450749,42.1691568764067,42.7728320099965,42.3133829890195,41.8784682568585,42.4836885304934,42.1741515803357,43.102637997475,43.1964976046538,42.9354648127088,43.2574359373125,42.3701208496029,41.6651735506853,40.9293361191357,39.9558212666776,40.6488017393821,41.0057037339167,40.8811004559692,41.2495489813322,41.7071668992742,41.9538344074241,41.5782665041407,42.0585380966904,40.9205499832171,38.9226450729387,37.949706806961,36.0560266459878,35.8640111555245,35.3127229919289,34.4896282659441,35.0031352550542,33.8081362853224,32.7391353567402,32.7524495450657,32.0528997649416,31.7327951790589,31.3877429034451,31.6023288711547,30.4984894397077,30.953130441842,32.4163589913952,33.0206767693569,33.2185329598738,34.0316938421883,34.1866159158148,32.9682018113756,31.5951635589608,32.1795491928234,33.6522572472151,32.8807861715526,31.6892495594421,30.9080984214296,30.3896757005002,30.7367340287472,30.6634753618849,29.2654667204854,29.8569005670313,28.4892021219581,28.9538466043309,30.1116567765679,29.8995506330802,31.1500442987563,32.6880073715404,31.6499367178681,32.1033880459742,31.819007346438,32.1116875622745,32.3756149874724,32.1874501692586,33.2445611560998,32.6685084086466,32.3736050213198,32.8624655910059,33.8722058053094,33.1380985222241,32.8209721441782,34.0593170775906,34.839886635583,35.4209604666921,34.8980620726265,35.7392087570614,36.1148450187451,36.3799395547375,36.812205233896,36.6410517364565,37.6719744623882,37.3592243309983,36.9994458923741,38.7255681667318,39.9352093412239,38.7407274787639,37.5266534066772,36.9081855288052,35.7542593736969,36.5337697263665,33.7860290697912,32.246655865741,32.8763172870891,32.4001434609756,32.9200194573039,34.1623396962163,33.389810138101,32.8225475980563,32.2796435546605,31.6442249233529,31.3738017267411,32.2381817956438,31.0662981837472,29.9578161814716,29.8008612533124,28.9054492357132,28.5948053613036,28.3176505496741,27.7579827452826,28.1929019932977,27.1382745278165,28.0143181660949,27.3527112950183,26.7820774558716,25.3714154511062,25.1557063919162,25.7408582204489,27.0422151809224,26.8985141868498,27.0692531262687,26.3936101335185,26.167369572901,26.0537491120612,25.7030904116003,27.1103658897392,27.4701176273718,28.4122710749023,26.6338335171158,28.4657561950781,28.1174539862991,29.9275061662129,32.1588041503566,30.967809731944,31.6920115065074,31.3192801658915,32.1497774600513,32.6488712120776,33.0893796261631,33.6765600428525,33.1992861063401,33.046423398771,31.8874914546935,31.7398270354301,31.0484133462793,30.4855640130217,29.9406304923666,30.7263721297434,31.7174293325191,31.1253001661663,31.1777961544871,29.7708365952006,31.0654753924673,29.6241274175746,29.6580530942653,30.6659443741949,31.4128032668255,32.4397303555569,33.3878563022082,32.4854514433534,32.7880796758392,32.3623946978379,29.4739854137688,30.7960250821949,29.818802126541,30.839954496827,30.4526240055357,30.45238859212,30.2345249678978,28.8833172131541,29.9012528665157,29.0244782294511,29.3737117030839,29.5513408473142,30.7227007379016,32.0756917037593
38.85117835199,37.8451319597018,38.2314376887355,37.6556445439039,36.5195722198796,36.5720950779533,37.0038366689894,37.3315552175247,37.38468186842,36.9532099872668,36.8210240468096,36.5872288862245,37.795723775308,37.0649992875755,36.5929767486397,36.7619087509578,37.0164254802135,37.6371307608027,38.7772066880473,39.581932675566,42.2427020505016,42.6857691286048,41.6935636486159,42.9283240343336,42.4948682184361,42.1134863579474,41.6886780148294,43.144340759528,42.9790730039301,42.2691863822962,42.2651149094329,41.3744366248953,40.7217024128571,39.5682781034348,40.7518861795254,41.7262822120153,41.7543018778949,42.8659923604404,42.0703535027195,43.8091207173586,42.6948304367756,42.1938024827834,40.5950925783985,40.7401488085879,39.9232816754145,38.2150061017808,36.2446886676629,37.4822651226518,36.0764407157267,34.5003847064229,33.5751628760203,31.9464153849593,31.7895502829468,32.1650253740735,32.996404957678,31.7094671448614,31.5895409969303,32.0732039939405,31.2671460272886,31.7357879687014,32.495981053819,34.012136498538,34.4689789475014,34.6586716722852,34.1964373215014,33.4397427384487,32.3347548094403,32.633205656253,33.0143799604623,31.9506070533647,31.0561177699869,30.8754339140469,31.7296069344498,30.825912949343,30.6301848528845,30.0578964139727,30.366279197967,31.2750109681838,30.9193309731103,30.5728426576094,31.0521881555239,31.7461750539759,33.5510608618206,31.7140121603651,33.2508072866029,33.1775359442227,32.9283292126169,33.7019229535303,34.1925254982877,33.1971786007917,32.4560715353601,32.3314885465791,32.8602188804451,33.8861089549576,34.9869651851932,35.3168471923743,35.0026884418971,35.947226822366,35.477778257373,36.9840658654313,38.19430837723,38.1106587036854,37.0518609409501,38.3134527704452,35.7758998213326,36.8333823135879,38.6034890698329,37.8878716465243,38.5554910831327,38.58696531308,38.4926737344186,38.4073052444947,36.0941780339918,36.5563155585998,35.5745869593488,33.9856146810297,32.7987958339521,32.4379779639588,31.9847684269448,32.2154441459723,32.3381093015435,33.1945340267257,33.0724774189642,32.8092008441032,31.9101102815792,33.4282072079767,31.8659921577012,31.1852617465165,30.4636466983261,29.589864658985,30.1603167981441,29.4147064062924,29.0261448097023,27.9216371415982,27.9352225381234,28.1131822498989,28.5614580601048,30.0228619120308,27.4872550842921,26.0811636914313,26.803050759709,27.595450751729,27.729691901598,27.9779367032287,27.1635484542712,27.0906579290913,25.5377463939779,26.6759202316633,27.6639456541006,26.6147439634402,27.2165749711782,29.2837941840305,29.6936586473518,29.3898495908875,28.8953146945392,29.7333292458769,31.3783823160739,32.3648078886395,32.2887424755667,32.1111568279449,32.3899926385697,32.1851428678115,33.1774999283025,33.197565144809,31.9603211638327,32.2595486078698,31.5208066531092,31.1317903438762,30.2992245409888,29.366659975157,29.5280689348874,31.4673073451505,31.6002839919672,32.2255055191337,31.6088356352253,30.3988934081401,31.1596858960977,30.5958065605892,30.5118884490325,30.1155867123854,31.761088804377,33.7611350562136,33.1114244047838,33.9246106935557,32.6615602506858,31.9450256111961,31.8619410992312,30.8328471231232,30.04521723675,30.3531702641292,31.5903374738972,31.7065915226123,29.9376466044219,29.8595680347329,29.08159007791,30.1792920386024,29.3002189783878,29.3506057319151,29.1376016982171,31.5780986819645
38.0611763102239,38.1206899126665,38.3620096829965,36.3172169799007,35.8886974666512,37.1455922546789,37.651138273128,38.0749430754401,36.5890014224031,36.5689161480078,36.6601551047449,36.6847737128476,37.7607264216632,37.8474307532307,37.0010245513989,35.777170607796,36.4676325931736,37.5970316767198,37.224449229962,39.4491193801395,40.9899935277924,41.9972323503724,41.2430990120878,42.6379700684296,42.4845098182775,40.6882831441143,41.6164331562217,42.0994233880853,41.7812965757312,42.0043450139481,41.4367354826871,41.6307537067657,39.5264676726443,38.6221393163682,39.7833621789415,40.7089493182761,42.0740570133405,42.8436198728162,43.1112526387929,43.499406038046,42.9456029358253,42.0343382756165,41.2474541573168,40.090837802415,40.1530937354835,38.1996112969569,36.2707901224979,36.287774485256,36.622680217832,34.4350791724424,33.5697778933193,33.4543745446536,33.7074157781526,33.1955116036314,33.0328898972178,31.2856904635588,31.9233299170251,32.6364402492555,32.7781367151097,31.1204601702104,31.8745860041077,33.9520504850595,34.4021989739248,34.6301067676613,34.5126566854726,34.3917905158671,33.6019465732091,32.9975316363957,32.4294815133529,32.491062086407,32.102861386701,32.4045691581146,32.3227226764276,31.4270808138129,31.3717845345738,31.0533995388996,32.5222326648134,33.6709623783095,33.513056449219,31.6628347452302,31.5302590566541,31.8485801050481,32.103898074693,32.4974319947492,32.9330739128698,32.5178160963549,33.6429597801334,34.5449410696909,34.3696120971348,32.991952147195,32.8747638409192,33.253240969927,33.6451073744697,33.5122258427289,36.0074359140704,35.3593587083523,36.1611252062727,36.0477513700839,35.4494397859737,37.3674220326138,38.6456244793107,38.0102064090077,37.5094335692292,37.5630782656726,36.3974499810547,36.8044583453927,37.2560899406319,38.9524046145859,37.7828313839578,37.838788018397,38.0655975607993,38.1652680482788,37.6185975093601,37.7032469817697,35.9777768523227,34.4634348899032,33.4935359892854,31.4294670538593,32.3049441834846,32.6035209592199,32.755321412587,31.6051435254099,33.0750474790449,32.5777438985605,32.6868111153882,32.9281970008379,32.3005962085497,31.6495737795997,31.5965226478355,30.741231975248,30.3710439013743,30.3561387842412,30.0370891193576,30.1120557417503,28.0636193044784,28.368707120634,28.8989842926393,29.9273760078862,29.0416349098982,27.7868809261894,27.3904281445079,28.1854276343378,28.68992361718,29.1232244155583,28.1499964716429,28.4137866579919,28.7265238013731,27.6612631630501,27.8273157340182,27.665474018296,27.388496475989,29.3274354557711,29.7271251983618,30.4525922869893,29.828420382494,31.4430777372447,31.4730095602855,32.2029236000332,32.2630630097662,31.8444204814641,33.3921422856338,33.134829791348,32.5862316746679,32.3172614711803,31.1681867467619,31.7593433459362,30.7946722219048,30.1839566481062,29.0729113863831,28.531379068795,29.4964471660552,30.450441203651,30.6753695066138,30.3923199168504,31.8672177593103,31.4362112719206,31.6223957324019,32.1687415605582,31.921974589975,30.7685380824158,30.4633186179977,33.3642960085251,32.857283940526,32.5182340975023,32.4205668772261,31.7188179864434,31.4842416316563,31.0723191838194,30.8296012230948,31.4538450398757,31.6273112681359,30.5407580554371,30.4658118326699,30.0179768726261,29.8447353345408,29.7013477150092,28.7171547744218,28.9263348678866,29.3947530559568,31.6795136517769
37.8383975832285,35.9575861718139,36.2322281798202,36.1428860900087,35.516131015812,37.4106359756703,38.0098134193769,37.3093625940682,37.5939810188176,37.5535028292903,36.5839502544236,37.1015478410091,37.5834200936087,37.3772001548252,36.5319181403829,36.6243597799705,36.5894602904601,37.3720195415918,37.6924913407295,38.7237220118199,39.9433743364412,41.5691821733542,42.2743801970764,42.9814968330297,41.6125311704145,40.733767242679,42.3388319694396,42.2611142771067,40.5534101852655,38.8265350832019,40.7388661894649,39.2457702846902,38.4496517727723,37.4138398222768,38.3007642830153,40.3990267461408,41.0651374381026,42.3814149209048,42.6078023168081,43.0631916879892,42.3524612511267,41.3087645001977,40.8616395753094,41.1369525680783,39.591532313352,37.3305317463115,37.1111575619856,35.4311132755906,35.9797668895622,34.0153974511926,33.8470515138575,32.7666658451488,33.4435845626149,32.6781016067455,33.8657192064111,33.5388221577145,33.6344099080437,33.3125570523047,32.8406405631861,33.1445875631499,33.0934028499296,34.0878163889393,34.829821543489,34.4382455292256,34.0116301539537,32.4878506176676,32.2214601112162,32.1750763078181,32.0486727084522,32.3133825124358,34.6333127742037,34.1552654498691,33.0149491121237,33.3769824237413,31.9813979443923,33.0414875414915,33.3636281190356,33.161028961859,34.7124508335241,33.3064540535324,31.3608900824404,32.5844144133494,33.1234616500722,33.152200286693,33.6610646985519,33.0973718893289,33.5769699078868,32.8511157266287,33.0764935370184,34.0573976768683,33.2357447156912,33.7290527993911,32.776724404087,34.2357099229102,35.049067461723,35.8818504738962,35.7030509802276,36.6533177945864,35.9365543373609,38.6616066885302,39.1980085380508,38.7362007976871,38.2427797604565,38.2967507533461,37.537519646913,37.0331136501493,38.6511070732661,39.0122156489958,39.2062524938344,38.7210489332487,39.4536334445955,38.6655392162578,37.4194420432496,37.7543870160907,36.312897866899,34.1142884261504,33.9162657211466,32.4480330256403,32.7659117407121,33.4511670187498,32.6984663341727,30.9334519424434,31.9799802515461,32.9557463012979,32.6844093677756,32.5202020390247,31.8473183427036,31.8512854473796,33.4224623448641,32.4858313976783,31.6123256437665,31.7490723990708,31.0292607549624,29.7994896996616,28.8879969294329,30.3045004136231,29.1907701015671,30.0547013321742,30.0580524584722,28.5056471800159,29.044017763645,29.0835893632889,28.794819910719,29.6113879102676,28.8767653690119,29.9573653262012,28.9024368939603,28.4536505592516,28.1943583566194,26.910817780002,28.6475425465123,28.6587597107189,30.3854438409843,30.2768494777879,30.4739959013692,31.0465821309974,32.0552693924944,32.2307317458733,31.3292462554503,31.6592100358609,32.1966700522632,33.4126238166305,33.0920549514965,32.1904762388726,32.3391374774588,31.1867221973027,31.0249528540965,28.2229062442943,27.5942972065509,27.1969311379627,29.218549720081,30.1339073390419,30.7957878903944,31.6178467019514,31.8140415582957,32.0307588280363,31.2186083170657,32.143502794937,32.5981536340262,32.0329670631357,32.0220453109436,33.1317415539165,32.2235630868309,32.7484690742086,31.8575313658168,30.8937200765027,30.8922820550589,30.503431090451,31.1652478282956,30.4447168732197,30.1260705063505,30.2974007350222,30.4785700330091,31.0791192160846,30.5872439397144,30.3268996867969,28.8989122394754,29.4613566076233,29.5717944219394,31.2396882443692
36.7494315288528,35.9162323166466,35.5522227070437,35.551809264114,36.259336078662,36.5963039579486,37.2849629765518,37.4312812866162,38.4154144858271,38.8368376410051,37.6910862983223,38.1770576816574,37.6585557850679,37.0127178980556,36.4794631849904,36.5535688019041,37.185602891043,37.5452532672189,37.0836967997202,38.1118932252442,40.1527084776354,41.2874311592117,40.8444743296847,42.2117408417449,41.7061618858551,41.7007048121596,41.4451995214741,41.0775621761937,38.9986381683357,39.343912501153,39.0313616142542,38.0736795356159,37.5268235057875,37.1408669940557,38.523612081826,40.0181725158099,40.8458847090743,41.5563201732336,42.089014002097,41.4639313081741,41.6397800316233,41.4886460964108,41.5841248510153,40.6963557696013,39.8391720201435,37.6906407877323,36.6069006126943,36.3037297600672,36.0343592304276,36.2887685351623,35.3507191246765,34.777336666321,34.5883864194057,34.2194700363494,32.8808669767609,33.2795030015572,33.5762754008449,32.5707454570337,34.8556701429779,33.8570055927768,34.9929329019466,34.7324160451415,34.7811462419618,34.5231450102251,32.9041436610958,32.4776733742731,31.7045988502684,32.6778900847337,31.7723024645814,33.4521092530956,33.590438596986,33.86225852476,34.4015749899136,34.0469152255952,32.7364196932106,33.166969837616,33.7175551800516,33.8906631020769,34.2851371850297,33.5964946919554,32.3640702259666,33.6759874292401,33.3855626140735,34.0542668216586,33.4050875506421,34.6625880014622,33.2244881176641,32.8349812570029,33.9055327464166,33.6816346403761,33.6410780590771,34.0784015441616,34.2124880809958,33.9440375081056,33.7756437089368,35.7619300997518,36.4605787863567,36.2952353243983,38.2818390269695,37.6930357016038,38.3091463718708,38.2385203777272,38.9020178372071,40.1813306955741,39.7206251722062,39.7784969389598,39.571444886049,39.7633648077148,40.4769438890531,39.4483552351529,38.3722988345394,39.0001877591444,37.7107008634514,37.2043846819924,36.5401840096591,35.6646099588055,34.4915955842203,33.5706686139716,32.8037194441448,32.7654176773546,33.2455554320009,32.2686162553553,32.2961426524896,33.6281691091944,33.7772646614467,33.1452296653832,32.92218678585,32.9797903174182,32.3346281848707,33.2830803693238,33.5936067980196,32.78907792422,31.790959588527,29.3611201671508,30.2434110350123,29.7544663659618,29.6934624656945,29.7370477877276,29.3836503196778,29.304170752818,29.144347493594,29.2724899487383,29.2785475922598,29.1554764457328,28.1251864643286,30.0387030328402,29.6051203412139,28.7486080222529,27.4671423489064,27.6938669254278,28.8874617183328,29.1387631966562,29.6592180243583,30.2978797360347,31.8130776722167,31.5791411218857,32.5410370197323,33.5202127073645,33.0618664943834,32.7897597268749,31.8131186331121,32.0239949456516,31.9794172170485,32.6720219596962,32.0551222697176,31.6845901743926,30.3193910935112,29.1918118804725,28.5966859859031,28.5052793843532,29.3550772811768,30.0646465331234,29.2277380254597,31.1049918069356,31.1869726592162,31.0925919545636,31.9027291975974,33.1376681332411,33.6737933974673,32.1192795734985,32.5214047337057,32.7187223472404,32.8882290210855,32.385661690399,31.8329631983199,30.6249492959889,31.4448397542213,31.1437896745132,30.1762121810124,30.3870562213145,30.7206933228147,29.9861242189458,30.4340706277962,29.8549417609097,30.7290913056004,29.4144813838496,29.9012244468103,30.3540411073495,30.3154956765945,30.7585584800752
35.5869653643386,34.5564207503091,35.1582334274393,34.8262891341904,34.9711880543037,36.3962208743646,37.8780527030479,38.0589139297329,37.5389358566795,38.0914484443034,38.036422872534,38.04393600015,38.8470465180789,38.0609507911284,37.9450189599431,37.4355611738365,36.955693244293,37.0553105003633,37.5632037579565,39.6790440475683,38.958995913754,40.5372586103974,41.414070618014,42.0674933725608,40.8219341392009,40.9037680926998,40.3655462638726,40.3433183911197,38.6748990641666,38.6534874563962,37.9595125753522,38.1799187729996,36.8279953408697,37.8846164609474,38.8431724028956,40.2118743835498,40.9784072454405,40.8561839749347,41.4443355617612,41.1737646427332,41.8259650808846,41.2225503820021,41.4022851348463,40.207378195907,39.3240812457617,37.1324905959948,36.3162493713625,35.5513495029474,36.11012297479,35.5056747765553,35.4957694903368,35.2892933968507,35.0226804478871,34.31069336125,33.929251398509,33.4354744270698,34.2282996711161,33.3283979702812,34.7450273139886,34.6275003848352,37.0730485063304,36.0944387825598,34.9977372584293,34.106089645223,32.5485653149045,31.6406833437205,32.1107462051331,31.7995462000549,31.4666225621559,32.8036305129358,32.3110729396486,33.5212695069142,34.1376785151722,32.8152504237667,32.2960551121462,32.2367649657177,33.0146996579982,33.4223898553745,33.0283750229572,32.7178641541086,33.6064260732196,33.8460739043396,33.9239728866974,33.0377908206823,33.3247722983466,34.6482410414928,33.2159069457264,34.4441342719479,35.1266596259982,35.0131755613337,34.8684790680964,35.3469473631147,34.4616919853592,35.0273691901104,34.5612007298559,35.9112366045349,36.1618763779205,37.8426441249224,37.6685603664243,36.8148061853403,38.2792783635541,39.4931640701979,39.8519957116757,40.7934989218723,40.2426828442877,40.5754254010499,39.7876337327666,40.21092287199,40.9167578065326,40.1490586374864,38.9529529197312,39.5852816952423,38.8802655117762,38.1269409410797,37.0903172351723,36.4965839141442,35.5787187837713,34.475974991772,34.7021931379489,34.2588234589168,34.1985288878642,33.5979045115074,33.4861271868138,33.6336913077107,33.884042594627,34.5381211425572,34.7496449856798,34.656009816487,33.5085535364956,33.3962191083903,32.4145697315183,33.0658374016768,32.8416535133086,32.1073173192479,30.3402694827813,29.2661810053628,29.7217134559528,29.966800321543,30.3322659769779,30.0957539838928,30.6925731105895,30.9290698106148,30.8325893325936,29.8315726244347,30.9653411513771,30.7712212795531,29.8591530607307,28.8367585059853,29.0760330024782,28.6038794277399,29.9753609578831,29.9204361773147,30.4094919068989,31.1918022869218,31.9545256734587,33.9416125913622,33.0296099885323,34.8777536849037,34.8356718119402,34.2653294339122,31.697053518472,31.9964842633573,31.2988270556181,32.3891452438269,31.3407924283673,31.859245585379,31.0685254108448,29.7287827834509,28.9478981159569,28.8416073817727,28.7050697971339,29.3312665403986,29.1059565708435,30.3309930521837,30.7934121538215,32.200856062868,32.6317681071419,32.1624298437688,32.7550308756668,33.6219013429021,32.8099348385525,32.6119728603424,33.5998663450501,32.8310499582022,31.1055032449317,30.6069294046432,30.4879721782774,29.8278720435454,30.2632595065159,31.2930996323886,30.3953897746299,30.5687584921162,29.5188330780299,29.6683323015355,30.7464865918494,29.9741652672284,30.4167921516879,31.0207137000444,30.7063751898647,29.670539813002
34.6951314407942,34.5281561335875,34.7493693160836,35.1378042601461,35.2949577386087,36.2139136827165,38.1081470015141,38.1536976003574,38.1671627301119,37.5996434830697,38.9109219675051,38.2415339943505,38.0094365831117,38.3086279586606,37.7270532839579,38.1748247256685,37.2063136090213,37.3791344044906,36.6271229669848,38.6128224724683,40.2289834524042,40.1496287099681,40.7709616915693,39.7033815170445,38.467901525459,39.1799376670754,39.4880453575145,39.3221576919247,38.5973527522119,38.3948254052182,38.8490346345898,38.0063850929463,37.1501261462272,36.2815415552898,38.1986289255526,39.2582499947612,39.5165449707978,40.2376246826756,39.6854986623452,40.1276437928324,41.4922563108501,41.1961559261485,41.6542805955066,40.7949299980046,39.8236112353843,37.6945461299849,36.655855946048,36.4653831726748,36.1522294831241,34.4621555785423,34.5772296238147,35.2547552806731,35.3760692550944,34.9621900714147,34.9673249091005,34.9508534027309,35.685030663013,36.1309339549577,35.6210359630706,36.9673563843834,38.0231400582154,35.2281293362751,34.1428396062095,33.0800998289015,33.1358863690591,32.6386744224348,30.7944086315384,30.7311097678069,31.0884757850221,31.5481314814795,32.8120094169525,32.6666551473654,33.4475333145009,31.9617137971011,32.000096594277,33.2884721226463,34.0434298495194,33.9194540008208,32.6424904461619,33.0667200291306,33.7489396556478,34.4917492785782,33.2277969755095,33.3956971037944,33.67888483788,33.5362225862301,33.1794265296612,32.9670503934103,34.2982213229033,35.7793234100181,35.0876464414918,34.9801762901862,35.214020713156,35.010151256322,35.3466338721413,35.8290481448409,36.8811667682409,36.8604238152764,36.7261756936152,36.9250591516604,36.7780671622577,38.4855489195667,39.4104096660799,41.0637503673688,39.64278941456,39.545979892624,40.057080022673,40.6266898015815,39.4022746404748,39.8467975337155,39.0011321659589,40.061420859749,38.0213172999798,37.5485827951722,37.890848949145,36.8067795440056,35.4466334399716,35.0458554199744,34.5388974443834,34.8651639446437,34.5079753806453,35.3244197855495,35.9400571457931,34.7704820932275,34.758685289715,34.5598727813062,34.6198131211534,34.4060441479487,33.8962589921267,32.4996373493747,32.9916558906068,32.5856522808607,32.6397673946989,32.6809150899104,31.0109897890462,30.7278125052738,29.5577801509874,30.5303436908738,29.6946238260033,30.2190509565217,30.7716174266575,32.5951806784041,31.8360649038952,31.3544068314891,31.4938711880987,31.4691998058852,30.0012420767639,29.1612174243895,30.5176615948215,29.1370177052384,30.9735932666918,31.7910982049916,30.7254281063974,31.9950452878452,32.6325313864372,33.5546039582292,34.6329911142006,34.4952140478309,35.4783696980341,33.8950466664745,32.2590474688078,30.8276596417732,32.0423749997552,32.4229725307406,31.3046737458966,31.1166988449237,31.1541554432641,31.2376081979324,29.9698860543052,28.0521681161564,27.7887853283206,28.1706716416105,29.2709569787411,30.1982165358446,31.6511214071016,31.5016074132166,31.9129024296507,32.0849896713225,32.7144474072641,33.3373874701059,33.4525599302146,33.409555327194,33.2720186108445,32.9152557642728,31.8577657550306,31.3805233627847,30.9850605414354,31.028534813034,30.6504564437361,32.1763778663605,31.3153699580447,30.8007571068502,31.7420201962798,31.6694715557816,30.3040926687804,30.8730083579583,31.0417063196655,30.5129667074804,30.9202381466962,31.2110221630266
34.2808919245918,34.4416016239466,35.2456706584136,35.4543124866508,35.2436360095432,36.839214504393,37.3352393242437,37.9710734164576,37.9460329006467,38.2656162464518,38.7698927081127,37.4423061337998,36.3071065555698,37.410729485703,37.8446487325354,38.1272791622928,37.8386501499335,38.2201720057409,37.7137806450777,38.7954545714742,39.9566591139032,38.8583136620018,38.7418016589353,37.987023939416,38.4589410964821,38.9278932224122,38.9149470897672,39.9379834369832,37.8184222073273,38.601784158209,38.2413287432367,36.9867042118693,36.5790683345067,36.9370145942019,37.8183983331909,38.5746739130268,38.6557183941851,38.5480803531963,38.5017384208072,39.3810075295245,40.8668499806389,41.1825802181897,40.8928436439715,39.8803489226034,39.7691204240451,38.5757365802436,37.7781065964566,36.3603211852152,34.7090542421407,34.2225271783411,34.0545833861306,35.5773553240078,37.1884236044557,36.6047889028125,36.0712351082579,35.6397955923226,36.0477476969623,36.7063857284262,36.6854575943734,36.4239426007204,36.208645773127,34.8588921427738,34.0394106837419,33.0081951302037,33.3460355296565,32.8909189779716,31.3662618427685,31.3380006875455,30.8186858999183,32.1769487905684,32.723754020947,32.7153947453455,33.3044424634126,32.7430781209415,32.1582843164555,33.2093482472738,34.4474297949722,33.3389428081344,32.9282091269321,33.6854076463866,33.7978828331208,33.9278426876587,33.5233275539457,33.7645752703129,33.6649536656868,32.8440506967396,33.3723144731537,33.848393031517,33.6125501815469,34.9512239846356,35.1275113264317,35.4947957522493,35.7556332755437,35.4707281894405,35.4412508299408,35.9781864705804,36.5963946984944,35.3423051817832,35.9798424935211,37.1613384678328,37.1729778834363,36.6748645746338,38.4866524407585,39.573769454994,39.1213500060203,39.7807731704264,39.349347947504,40.2480792171067,39.3835874578096,39.5496733721834,39.3738813294128,38.7139313829895,36.2450220911383,36.7327206109233,37.8137648114357,37.3064874505568,37.3142337311011,37.6727425171156,35.6894430640758,36.1662339352508,35.2207076962629,34.6720192772449,35.8351961050012,35.7556071006302,35.1038292631215,34.4869838955861,34.359103132997,33.2750894245802,33.4870491078163,33.86147751003,33.6192108010456,33.6082531067025,33.0027349430552,32.3380323437207,32.5254907607432,32.089591142103,30.6571690389369,30.9758766469236,29.8159556460438,30.8949892495827,32.4861418318714,33.2499505921496,32.2992223257983,31.5607456026426,32.5223838198632,32.2252879496514,30.719944360856,30.7136221769057,31.0182391643127,30.3499629610777,30.8960348898929,31.7187638901501,32.0007751585206,33.9973032893636,33.8429689741973,33.996399401382,34.8920987574339,35.2060009324074,35.1869933790254,34.9761642331894,33.1890707192906,31.3917800557704,32.9269230416567,32.7690236827652,31.2941463988384,31.3832640635967,32.1301548198486,31.1605340015355,29.8715452863635,28.1976953053666,27.886954898451,27.5299546596536,28.7764241407364,29.5614298243448,30.4310034613562,30.8852606817794,31.4058289293826,31.2339625114244,33.0644527621789,33.1119072412569,33.0331361692574,33.8710908934471,33.6122322150075,32.798797498998,33.0928209112159,31.9864938667448,31.6143395557533,31.7941195694242,31.8480607519764,30.9665848483457,31.1809779798417,31.5212504482323,31.5573861444112,29.6695320391891,30.134586563648,30.0533071593236,29.542976177597,29.6260792209185,29.4568202802954,30.2185069264369
33.2361925497955,34.652223917145,36.1935349421352,36.112458693162,35.5575822798164,36.2337929133576,36.3673030228474,37.5463642034163,38.8206880087301,38.7206305360784,39.5617825134654,37.5951542641605,36.2857815842054,36.8819483650628,37.3125068282088,37.2922477657206,38.4855566737447,37.1603426843951,37.9480500062943,37.7572375949323,37.7385255674414,37.5366288954646,38.4194932819772,37.2719816643946,37.7265596421855,37.4205568079054,36.8698229829643,38.508612135696,37.0500855974204,37.6385405149019,36.8284081596251,36.4466153007984,36.7624231279791,37.7383381819267,36.8615175174581,37.0122253824116,38.1538553849069,37.60966420342,37.8970130038511,38.351886660853,39.0015633990916,40.1610071798298,39.5522346075239,38.6206075135196,38.4924466030883,37.4672526477259,38.1449967880755,36.8495440613667,35.8661082458317,33.6333886564516,34.3489776581199,35.495476911855,36.9138488476444,35.8560686391151,35.9979107290652,36.5632009420792,36.0402802788734,36.7789686921472,36.4200929628497,36.0701615058812,36.3895048600426,34.914828237935,35.1235425827485,33.3972965511835,32.3265357781569,32.6647357458955,33.1409995705848,32.10195539557,32.7938035336333,32.2189805547821,32.7757614907096,32.5924954365294,33.7769602365427,33.8028053258835,33.5127672890234,32.4497748506803,33.9774232918088,33.6162278540506,32.8255352813512,32.9208128245907,33.4342194641101,33.9240985638201,32.774011255403,33.5616667036153,34.135906528265,33.0976449679641,33.1607446746473,33.4524221954231,34.34253167024,35.2662068699217,36.9082882418821,35.4694701676692,35.4655940647543,36.8884468045788,37.1072222494368,37.2145163348715,37.0153069194952,36.5260122252489,36.1633914767493,36.8071886674429,36.6287911324011,38.0880732510601,38.7654259156226,40.293361642982,40.8934531067657,40.1764493691111,40.9797235168327,40.1070149498448,39.292821533171,38.4425807263113,38.3489484145042,37.4538198324787,36.6277273259356,36.6566822088962,37.5297453375328,38.24367299225,39.1861596203183,38.3472022291357,37.0067467579209,37.1767118545027,35.2711248490271,34.261030633002,35.4443367050903,35.5043550367699,34.8875932649965,35.6112493807382,34.8816020526127,34.1368502967863,33.4311391331703,34.0233541043877,34.5357924092819,33.128896196174,32.7919867510881,33.0461959537304,32.4208344955919,32.964899345815,31.7979407863628,31.0624544362168,30.8361898295218,31.81169820508,32.2079202573495,33.5655667872766,33.6753102718616,32.5986869777821,32.3971150721416,31.4563892697938,31.5080351999953,30.9078336966057,31.7889562361346,31.7941298383758,31.550423492548,32.6978419893539,32.988102396047,33.140316244782,33.1723724490347,34.9534807999704,35.7636498834334,35.3101288006693,35.1179459275098,35.0660946702643,33.7744883625278,32.8169490489804,33.2868589447048,32.391613642834,31.1987237343232,31.492427015199,31.7769188200679,30.5103538361106,30.304876057128,28.9517075448851,28.2082293990303,28.5781146422657,28.8453228888697,29.2453267012765,30.5499585225107,29.9289663057983,30.1569983266849,31.8030913827731,32.5952343997278,32.1100158790037,32.573015814794,33.2388049828248,33.413000103727,32.9216723398147,32.4119998060411,32.8134630718774,34.2386789502006,32.8036431104246,32.1838098083463,32.7250160515576,31.4929106174457,31.3693945279652,29.9259896144552,29.9970126028528,30.6870148737407,29.2169121620013,28.6251462308451,29.0892860883677,29.0799705798584,28.5069893487632
34.0616495137525,35.2882715671797,35.6970160806281,35.8011624821461,36.1414678752362,36.3340568927535,36.1154666162357,37.787052937499,37.7811631046969,38.0329486688451,37.6966886593137,36.7783731207566,36.4879905815483,37.051491357376,36.9000446036414,38.0178932641798,37.5538157202175,37.7575706331409,37.3410367320191,37.2172259099994,36.5138310021762,37.4278032841568,37.6568744320546,37.5426895707074,37.6109850277153,36.9183774699678,37.2404331217612,37.1499964194274,37.0648110287558,37.4420659648448,36.2038222604237,35.9435545674902,35.5057716908471,37.1606546978463,38.4303275582013,37.6129995884737,37.8147107835381,38.0985478265859,38.274793350418,38.7914564657094,38.0663991259213,39.5139037124483,39.4107733909677,38.7467749910303,37.9061309250365,37.2197348632763,37.3207734399791,36.517897861707,36.2647057123464,35.6190263512898,35.7506301102988,35.7347428219286,35.7973135383085,35.4772502465164,36.5229363004175,38.2335024984182,37.3221042559993,36.1057389086079,36.406772725721,36.2841058592743,36.1551606404038,35.707474463862,34.5371608562091,34.6914474355986,32.4586969251497,33.4709216654757,33.0958892608114,33.2338009167493,33.4232972161862,32.9682021819962,32.5191240520102,33.095397574234,33.4764067886089,32.9296011963071,33.4297818947938,32.9914122820199,34.0272011613235,34.3577122883204,33.283449376984,32.8233283915938,31.9506891081995,32.6232580529605,32.7505978264247,33.4446380557007,33.820115965948,34.2816341088194,33.1310486762843,33.9708974973682,35.6476254202797,35.7229836400681,36.35933832065,36.289923214033,36.7597056968304,37.6118362488268,38.4695679132189,38.9356264510534,38.2387969747794,37.7349759265656,37.2327134690454,37.3172139294517,37.0801704322297,37.3675058616346,39.1240510854705,39.6178314066467,39.8018175686742,39.8424650871555,40.3674288668684,40.3703454573588,39.9193507683037,38.403110714457,37.899904005517,37.4821535155085,37.3334877531778,35.9791884809027,36.880900272335,37.8559630861364,38.3751149164072,37.5805721773687,36.9729228642759,37.0257330018849,35.5775291746105,34.7903902304969,35.5770980442784,35.0688412236967,34.7818113622621,36.4927025251468,34.8278824352302,35.7994350131238,34.2444510020052,34.4939766686335,34.5797718345232,32.6304625079417,31.9368217143693,33.468354586482,33.879799478537,33.0161402469001,32.5539793219947,31.8942918405589,31.5534448140028,32.4623021554116,32.9536754652651,33.1771120625287,34.0325713363852,33.2689926432127,34.6260782054271,32.9125324729298,31.8038869624202,31.8463847257053,31.9887005805048,30.3651223786357,30.5926954621045,31.9597559895781,33.3270510333995,34.3676812039326,33.8407327563647,35.1170035207708,34.8108921014677,34.9486568834235,34.9856338459037,35.3725654639536,34.8723192993189,33.49254941771,34.6220671922198,33.8242272371374,31.9741586292703,32.2200395824967,30.9592140594593,30.9920304173264,29.7623896505087,30.2988607773572,29.262861495687,28.3068002669745,28.9423775008395,28.8467977679365,29.7886648175559,28.69528172677,28.9263341488872,31.3291407015891,32.7223265859271,31.5246178454209,32.125682169756,32.3440974608015,33.5858155487141,32.1630058339865,32.1291843268623,32.9808337201533,33.5627954408854,33.4396680654378,32.9644350266986,32.3334207609197,32.4609328606096,31.4125508674259,30.4950241696404,30.1863846279535,30.5572161272034,29.3302869848067,28.8097651874924,28.8712168423053,28.1135730852653,27.8689355406509
34.4211402232232,34.7533923357532,34.8897514902869,35.7557629276239,34.6508054622332,35.4460991922799,36.4827524199647,36.3898820634573,36.1396391036228,37.0433807084721,38.0520238036978,36.9595310494177,37.3655295178358,38.5518169100191,38.2209342150512,37.3719966388068,39.11755637194,37.2886708461406,37.5928722264048,37.5307254141491,37.3691375955381,37.2584493561677,37.9293862812799,37.3442658524317,37.8044229398393,37.7409506720103,38.2737251848694,36.7371358786786,36.7549419234222,37.2082235684474,34.9224140817568,35.3990350799929,35.9863704834967,35.3923511634855,36.2430906806234,36.9281081752898,37.4667541328008,37.2443544711335,37.2255281258989,38.0276201322303,38.6067749702729,38.4611046056228,38.2349158387701,38.8918924287989,37.0899290583096,37.1110145169125,36.2077383627692,35.9705237965464,37.0664605175992,36.7935130350316,35.7990011340396,34.8467907220612,36.0340653196805,36.5950737865457,37.1107851235146,37.7269837034687,36.8113333095348,36.9186721924103,35.431945695502,35.9172169866564,36.749317645072,36.0124084449481,34.856815745509,34.8784356258582,33.9549456051723,33.9557452029418,35.2429080593067,34.9052091957074,33.7319568319738,34.4544744742418,33.1904017359176,32.737414059351,34.1724770617522,33.7411935429913,32.7594272119211,33.2074696795929,33.8860032916307,35.152495480089,34.698758094614,34.3451205742256,34.1329911365511,33.3969230360667,32.6536150990614,33.6370664930039,34.3146854104878,35.5902457538589,33.6881489279285,34.5367728563466,36.1248125488158,36.4615760551812,37.5402358161468,37.3580332345915,37.5459953219975,38.0035384133667,37.6291803733839,38.7124257171291,38.1867010874849,37.1188986789277,37.6398287202922,37.7878600187616,37.1555764876472,38.8511383348103,38.1150319499188,38.8814993666303,40.0140809827928,40.1784643775868,39.1395795371599,39.3391649674236,38.499397333289,38.5769640236496,37.9551235706557,37.4174538676244,37.0294983081093,36.9029711333742,36.7529782538928,36.2364021166673,37.1864937178591,37.0246461155019,37.2734709826167,36.4071522266592,36.074545150318,35.3219247427225,35.4200573125781,34.7701801946936,34.7506863757027,35.8556936128035,35.7255566883792,36.6422303466621,35.6887756366395,34.6010339107906,33.1205440967926,33.2920134520419,32.7553667936228,33.6790593366288,34.7417545164818,33.4062409024582,32.3132453306337,31.9332192052515,31.2528784859074,32.8979147418795,33.2900532379394,32.1413553634136,33.1420852539749,33.304070423955,34.2429119578594,34.1473835765804,33.0938117196846,33.4685850320937,32.6671663606101,30.5990744193753,30.5387020706734,31.8765309166431,32.7777008531764,34.7133340883739,34.6320490848204,34.8958922085378,34.8203656651824,34.9456129085781,34.4930023323253,34.8394931983661,34.2834075624096,33.8762661355981,34.2649009349458,33.5828278228904,33.0885212190986,32.4587686433584,32.3276571344293,30.6257442872878,29.4207456344462,29.6433496777187,28.2942281701124,29.2657510796198,28.450324501295,29.6704933436518,29.6258862705027,29.399001135717,30.2628344188291,31.8153388412342,32.5267675128137,32.7786562955576,32.3714916729577,33.4071912998891,33.1866021589984,32.8906447319288,32.3784005171922,32.9768778308631,33.8543578837106,33.1184458152192,33.1298056301685,32.5308770995741,32.5023717658915,32.0166452994755,30.7008532507949,30.4120474796022,30.4485111572711,29.6841980358138,28.9196783009466,27.9395299223625,27.3599055263232,26.7608752316358
34.705744625514,33.9732219689498,33.6172719326011,34.886864529368,34.5258119017325,34.4791280288777,35.7073947902852,36.4504203296139,36.0230908667424,36.193215566742,37.0756219324371,36.6260604587839,37.7387995875967,37.5981744953694,37.8626829925384,37.9995774295094,37.4428822498666,36.5615542220278,36.3250121247157,37.0029880931077,37.1069008732103,37.0523280440858,37.0026716377237,37.7361133023585,37.3584556050714,36.3951524109305,36.22043453161,36.9952288335353,37.7948696572848,38.0235917548988,36.0254356557689,35.463538969657,35.8661474530008,36.5314541650349,37.7291667001733,37.2936605190216,36.5900159385148,36.6982911495286,37.042366967058,38.3206802280654,38.3644498886353,38.6887949648916,39.0921483541898,37.5708343829439,36.8594795687793,35.9010425545517,36.5457710596456,34.8292062478823,36.3830704694407,36.7735460092286,35.5657635710442,35.3985460218893,35.4579202932147,37.5095454266374,37.0259040431458,36.917269175638,37.0004677816222,36.7267807633396,36.720872078359,36.1057355054129,35.7731396947903,35.564367504241,36.8506709698208,35.0523864455097,34.6744004224343,34.8708383392134,35.0872995540882,35.7829843850037,35.7723242503545,34.2565472193407,32.8958821854355,33.1921876949064,33.5910512540806,34.7470502187137,34.1715406865082,34.4716047189694,35.4438948197488,36.1271280705192,35.4935658913418,35.3509547101336,35.1865239106328,34.5080710763594,34.7435595992885,34.944102467345,36.1917136995829,36.7481489740729,36.1518379705167,35.7640757941421,36.7344266708774,38.0181615946861,39.6685760254311,39.0154671527312,38.5817925980817,37.888751687827,36.9791507182069,37.3201138551963,37.3375508869383,37.530694287905,37.1909013998861,37.7852627987844,37.9258211650629,38.1102579402208,38.7876047793171,39.2517972939389,40.4758184214899,39.4457622980964,39.7413446387806,38.485915078095,37.9489836964592,37.7858683852104,36.4499363812292,36.1367900619477,37.2607591398494,37.3387257467559,37.9204710062472,37.063630973428,37.370214277092,37.2929429518203,37.5096701972549,37.0732954765759,36.0956054892517,34.7112110076756,34.6734763955131,34.7720629711349,35.32432492198,35.8134486294273,36.4678749205005,36.1195006870184,34.5625649364956,33.6419947393889,33.2133709899513,33.0187531022616,33.1786916606541,32.9982815196048,34.2031475445439,32.9472334641086,33.579687097826,34.4507433602522,33.7364322006223,33.5959189917962,33.2193546744717,33.5622516314721,34.7390932764185,35.084144451183,34.8970545275216,34.5163887147583,33.0421650061793,34.202849227741,32.8532911801965,30.35986833859,31.2043733030863,32.4896251930857,33.4674250746429,34.4014389913869,35.1035234546646,35.3968432858445,35.9094757721321,34.296345073934,33.7767794087722,34.2217211011832,33.796436797769,34.1360153657771,34.07429460379,34.4523285572164,33.3696230967633,32.4233106155426,30.9822088350744,30.7429705553803,29.9531265742028,30.4245497085082,29.5342059595686,29.1299563157219,29.7411998582108,29.2080677033764,29.992561845369,30.2885159832891,32.1137070762362,32.1736553511633,32.6568439588321,33.0785286931376,32.4178355287194,33.6640945555391,32.6272019550906,33.4347519720563,33.7440465277899,34.2254295712709,34.7020264181936,33.7007827810448,31.8322798507384,31.7243093299986,31.6933262284486,31.7757624645475,30.6534365814358,30.5034805951244,29.6937784226838,30.0731269520196,29.5411256347811,27.15194542237,26.085304683854,25.7350108220283
35.2268034022896,34.3234059467649,34.6146732047587,34.0186479327001,33.943750725533,33.4754788790867,34.0395532965098,34.6247656603303,35.6859830529957,36.149979691942,36.4448112586776,36.3082202553488,35.9357470409936,36.5962791343585,36.4584209043723,35.7084818909318,36.2925198305622,36.1457952418539,35.2190501484219,35.7604708321406,36.1670889119728,36.4524857297069,35.9674910524587,35.914536399224,35.6028547754847,34.1482735870311,34.8111160590442,34.9761337024644,36.5658249244377,38.2038603688756,36.7838319490761,36.8045230832463,37.2736782352175,36.949618864041,38.9074477934626,37.7089757017539,37.8684169350485,36.8786136356001,37.2018218828919,38.1398519605005,38.5604405413719,37.8192157503137,37.7923556583993,37.4851864990786,36.5463664464706,36.1040217182869,35.7200065562765,35.9860846992622,35.9456527070552,36.7051050205968,36.1650571434716,35.1667137532987,35.0340788971455,38.0992415548467,37.0032423142933,36.696055669584,37.0211692205476,37.1020082868864,36.8091857912738,37.0113666359384,37.520184574245,37.4261807272579,37.0353048549845,36.6158816311617,36.6226565739133,35.348931627774,36.0069069677559,36.3151269065864,36.6006270942405,36.7271438193518,35.2017057668657,34.7869702105233,34.0519766118816,35.1451456961611,35.211797711424,34.9731744377074,35.5955157128518,36.8866744952877,36.9284873759445,36.6063354899105,36.5258507948903,36.2603434172801,35.6228775726456,35.7109065167527,36.8668868555706,37.8611667958189,37.7445730242369,37.8190679374862,37.2989906324243,38.1647752708638,37.2372257771048,36.7880140257341,38.0632174363743,37.2810166848686,36.315352199948,35.8993820451757,36.7623402114779,38.1002949786332,36.7405015446557,37.925463867774,37.9125329395561,36.6347340900148,38.0403590819462,38.1990138786147,40.1555693233367,40.7012741960265,39.6183089966249,38.4094086462322,37.9511969305426,37.6380017786983,36.1463985600503,36.816192320907,37.1196910747171,36.8181112349297,37.8863259853732,38.2834685489095,37.8409077836734,38.6172523630518,37.818127740636,37.1912598248516,36.1218130220294,36.018797825196,35.6172721008428,35.2065336903545,35.2042178785463,35.3350706110249,35.9006609616903,36.0857285932346,35.2079614840906,34.0499732073428,33.0067498805962,33.3639937920984,33.0434671998161,32.599800722607,34.1212773716744,33.0676116363497,34.5952207037664,34.3969800882133,34.2085325825824,33.9587165058001,33.8433137014101,33.1637232101025,34.5373833793112,34.2162516001956,34.5534621550801,33.9576844601819,34.6737902270196,32.8270685392418,32.3136799980801,31.6031515141661,31.5685502938003,31.0654861123094,32.2135186018257,33.4012517907429,34.6861660742503,35.0374190445853,35.3670025524116,34.9430029470536,34.6886224689059,33.5317195054586,33.8232800278482,33.6491551175693,34.8746365869854,34.2561372031214,32.2701380435167,31.7692457298729,32.0081226497222,30.4038511052509,29.436671515264,29.8539476240934,30.785908994857,30.1621433673915,29.4157676267338,30.1245547143681,28.9125288183639,30.9770023503771,32.5878368980875,32.6207111694445,32.8842736221634,32.4593901864133,32.5912047222277,33.496789841523,31.8185309522502,34.0306350099035,35.561640249968,34.5454386269319,34.6994528372965,33.3822781893724,31.9343387219331,32.3007742786131,31.8763385794229,31.9706458721743,31.424905112517,30.2308289712375,30.5931094279292,30.8659638348216,29.1988725462584,27.7813814350728,25.8464248161221,24.9292119174603
34.8763406590256,35.3942907571954,35.7106816145516,33.6683823692143,32.4647695879683,32.4217078822902,33.0191438186716,33.0936570193953,32.6876757430232,33.7457571014905,35.1248631881448,36.4895262518853,35.6659471380192,35.0832104709272,35.2772584439789,34.9739071133722,34.9949297187731,34.4471959852138,34.0363851029043,34.0896978069185,34.3929020570306,35.0097684868105,35.6905647357953,34.7622459334746,35.1850538774138,33.9313446098244,33.9930206996999,34.4301132247893,37.2551438263244,37.5664133061872,36.8225789843179,36.3723826723348,37.1589504363801,37.8025239155428,39.1403219191598,38.5192706475033,36.6251811350648,36.0834395358517,36.1232600541881,36.9660838188978,36.754241913168,37.03392145854,37.548142690702,36.9618517035501,35.9391795406421,35.1057023498416,35.2798637241937,36.0847575180318,36.0372321630665,36.4057063022591,35.4320097870733,35.1883288291087,36.5539159854274,37.3116689606626,37.4415380716658,38.1479368892352,37.9868150160022,37.8667897595969,37.6933289501519,36.8479286821983,37.3390775561716,37.5173948652421,37.5892417421538,38.1327058415442,38.0510491151818,36.0355662152131,35.4873939376042,36.0345425973986,36.554550950608,36.8995773521331,36.0983442454792,34.5782711195767,35.537581921803,35.6234555785867,36.2777825577882,36.4200427106616,35.7516752321499,35.6762274963762,36.747969897727,37.6474312757135,38.449796840899,37.3373284655431,36.8119813395922,37.0661225186886,36.6199002869136,38.0800125167863,36.8784684189224,37.0401889649792,37.7460296221492,37.1938355923,37.3722766356303,37.972847670236,37.0124140730324,35.8884579614701,34.9891805674442,35.9966254174351,36.3410831262886,36.9908328145296,37.2345780643838,37.8763976178321,38.9018074000729,38.1002936709372,38.6470219547002,38.4759998969995,38.974523790089,39.1399510692999,38.847319696972,38.0397847928947,36.4939777058491,36.8065704521477,37.4205179221115,37.8730996095487,38.1959480087541,37.6330881788997,38.9733673044977,38.6903199427728,38.3816619143227,37.7870174622136,37.3395348766769,36.2580133368829,36.1350659153534,34.8533112392322,34.7033204151493,35.3675932070348,35.3440386448382,36.2467958391296,35.1653637783161,36.4905300606914,35.4069266592673,35.0397935207043,33.7307932274152,34.2915070586044,33.494871851269,34.8723873064839,35.2272876826754,34.7855427277383,35.0931989279306,33.7353584316516,34.4412037272778,35.4649017819535,35.193711311287,34.0425531211498,34.9565070427663,34.2305905791285,35.6859349451237,35.2078435894175,35.1244990644106,34.2770165932531,32.864227065391,33.3890962755768,32.3971612250822,31.3442637268117,31.9977863434111,33.6288362165827,32.8859788254527,34.8243121270787,34.6382810857386,34.8966965333512,34.1550305161603,33.5168035339528,34.270299206015,33.9359052911222,33.8099818129651,33.0689151232133,33.345884750971,32.1404057948021,32.136365545768,31.7283265274227,31.0535205019596,30.9994718728325,29.7947220543921,31.1244254018224,30.4451653083567,30.2861916064428,29.9275146847438,31.558666945559,31.5601246046481,32.521358790194,32.2352210684247,32.2690320424514,34.8308660872941,34.1599785837408,33.7842197967452,34.0988267745729,34.6907157589167,34.3451925624889,33.9869205345664,33.5781663929795,31.4115899649346,32.8590222519978,33.153844952506,32.2870693797617,32.2548046614011,31.0379181145923,31.1879945356679,30.4954133439958,29.2919685238834,28.2402998440097,25.892322123392,25.6974654994568
32.9995696625466,33.8061547868314,33.3774368659013,33.7644213736103,34.2184441677519,32.836405747501,32.0976610171497,30.9021979670369,32.4702723102181,32.2978724704559,32.2294954933196,33.9458626242129,34.8524146637194,33.8704590261477,33.1809616767072,33.455038162648,32.8816905092452,32.929661328419,32.6043778418569,34.1407333342185,33.459273377324,33.8603826420291,34.0826465872726,33.7898548121544,33.6540923122929,33.0620738042917,32.8647406106284,34.17649366121,36.0608843517428,36.1078310742837,36.5160020622667,35.7493913288512,35.7889594174476,37.0561707674873,38.3392583850584,37.9060264812614,36.7825569435118,36.5044813904337,36.3132118637513,36.3634649892348,37.0310121151207,37.0487803341082,37.2465156650028,37.1015043898165,36.2027193857199,35.0119434655394,34.9043418770993,35.1840864035642,35.5887535541909,35.7105739581011,35.6280425431635,35.4828028129055,36.5665076796266,37.2030029791831,37.1720769729754,37.7558005830165,37.9248739354572,38.3765909447136,38.3002404304954,38.3030502948161,37.2304764659304,37.8930396703756,39.0524862169681,38.9918788934777,37.539910512391,35.8611136522315,34.836635200507,35.9247815464511,36.0252148065806,35.5461814541163,35.1081653744934,34.4198975185754,35.6826109650745,35.1985359304194,35.4356338962342,35.6548137804192,36.0402313994855,36.6395566987952,37.505018279439,37.0458065709369,37.3376472880845,36.7230133685193,38.2440019764552,37.1175250758532,36.3252659577997,37.7927805382872,37.2942041221533,36.3395168176383,36.8786287448462,37.9893279822268,37.1292745327534,37.7544925984893,38.0562152474686,37.6145675689248,36.6092017434972,35.3240722846162,36.687013843334,36.1887947624548,37.2673706147596,37.7994285161045,38.7382429812123,38.9680538410906,37.8274303143852,38.5666785200657,38.3822124966969,37.7827040093978,38.8303694215784,38.2025328410014,37.0756018681426,37.2692663321938,38.6217400672457,39.1054196746981,38.2005768173546,39.6448189802442,38.5337673880637,38.4988916260175,37.8161069726696,38.7007044762898,37.1493185897111,36.7733758125261,35.4332373229006,35.1947074643879,34.4241480968425,35.3768503524656,35.3627578288034,34.59739654496,35.5509398718336,35.9465834889155,37.2975653803373,35.4852667220838,35.2041644313192,35.2985971457858,34.5308703089691,35.4582747183359,36.0252255806589,35.9368508733724,35.6362517493705,35.5064136387892,35.6304675180353,35.3892980298343,36.195551888305,34.4219254364959,34.5125741391279,35.1441443974407,34.9966552163514,35.6459911632581,35.5891004763557,34.2873499028688,33.8617896081205,33.2501759909868,32.9600125247247,32.8109749466744,32.6388687017519,32.1012206930471,33.4173332781068,32.4347927243646,32.6952102720427,33.0877237104225,33.6722162838855,33.7728998505013,34.002817757779,33.4508528221871,34.2250017189911,34.69705937409,33.8200008361745,31.772923423361,31.8519737878309,31.0103186979142,31.15300365978,30.5463556595905,30.8581452690011,31.1205372710704,30.8442916784285,31.1362155038176,30.8253844323451,32.090812009381,31.6490118003521,32.2696068674719,32.3759118847088,32.4770188919551,34.965954715074,33.2240633521776,33.2720178445036,33.0694066651712,32.3240422237348,32.2571286719548,32.0841555822849,32.419265463024,31.4374931951289,32.0769974837623,33.0594220521033,33.3420697309858,32.5055070453566,32.4973394875056,31.7760308418597,31.5212967364926,29.8996149820118,27.3691867549174,26.9518989007342,25.7853583313571
32.3890631849813,31.8969855152377,32.2290219786267,32.1893608637595,32.1769177562707,32.2464490224261,30.7570657245192,31.0826049273035,30.8522778227143,31.303391499803,31.3826261194204,31.7661034634438,31.9193713174745,32.1807191459319,32.6966917273122,32.9024362949916,31.7143283710541,31.8867397950702,32.5801742598325,32.4167627968845,32.5017913604248,32.7759938716757,32.0793579228556,33.0961317806373,33.1058141639291,32.6862052432051,31.5251362825176,33.7408574184576,35.5418203742212,34.9571038580738,35.6929625312728,35.0673969031653,35.3880106731729,36.6929848270103,37.5376235226466,38.0069803469529,37.1790681295567,35.982935504441,36.8356060938887,35.2848259365771,36.1046471024253,36.0922450587042,35.9660937371668,34.9905792777989,35.0843126724457,35.386734930009,34.0385700968945,34.9055395911473,35.2787366162615,35.516914315306,37.5804765642396,36.7555654000159,36.91274171922,36.7697039822722,36.4265412994357,37.4500109837078,37.0122311921752,38.148236159006,38.7896069899925,37.6794924461284,37.2886465549171,37.315320344433,38.1982281785263,37.3168185718509,37.3089158402788,36.0297856046445,36.0496054739459,36.4003964939479,35.5606734589193,34.8792699312736,34.3808105271721,34.8052549729984,34.9941390631073,35.3726641627861,34.8492936850851,35.965236774813,36.3943209797594,38.1259079303739,38.216129664804,36.9909977855822,36.5297093493199,36.4231260836045,36.6920839278197,37.5803996402124,36.9308693375277,36.8386069454754,37.3429819051742,37.2777268776839,36.541730652255,35.9584810521954,37.1871166310357,38.2313054077082,38.2520896407631,37.481188422626,36.534384716483,36.5753195927681,37.0206421879016,37.3806593895302,37.1161684473482,38.3268954860049,38.830420691173,38.7314465316414,37.8155996053633,37.731740319554,37.4647862702204,38.0299828139548,37.4360024281473,37.5224942485218,37.2212545429378,37.4578411669599,37.6964965647911,39.2406264608757,39.1421561582241,40.0776008791585,41.0268458391005,40.2446957171493,39.0871746333237,39.1025991020132,37.9234510078663,37.1500690761547,36.1362724007607,34.4963769747771,34.8685706518878,34.6639125335963,35.1568252824116,36.1552494441547,36.6640177759657,37.2559061494371,36.7418643306406,36.8003587285376,36.1671908876562,36.2471364962638,36.1272633253672,36.8321928222508,35.1848263748584,36.5057714804826,37.1302052043249,36.1781099943868,36.6662566334109,36.4935658289344,35.4023706047259,34.856240777802,35.303986845632,34.3982160424349,35.9158728748218,35.9919506673658,35.1326327392535,34.6098757721006,35.0957972393837,35.6290845128308,34.6325164794985,34.6307288676087,34.0255394478806,33.5213828087208,32.7230292641722,32.8506103940999,31.0765869788693,32.2831893338595,33.4120672919783,33.5716445078202,33.1321274602822,33.5777552912505,33.764961447194,32.6671182223208,32.5856928085476,31.394407562717,31.8813071896427,32.1856268383599,29.9931458351167,30.200167685687,30.9137370668135,31.2879068940572,31.7342246686485,31.0812811043823,32.304782044153,32.4408553431338,30.9239561354275,31.7448671774311,31.4975792013472,33.1145007913562,34.3418652376587,32.3607534782518,31.8255243686798,31.9677305582233,31.4929607198666,31.0145253108825,30.3883064615647,30.7064241274148,31.806479288404,32.3684501472201,32.28867929451,33.2224572027075,33.1772246311299,32.8340640385776,33.0013126173838,31.8338714400252,30.3407221085775,28.9759421873092,27.8149854075019,27.6347929675252
31.2527478270497,31.4720410267632,31.9450115746812,32.2099227538033,31.6259520700821,30.612973889424,30.7459709214196,30.6656416197505,29.9031148729261,30.5118179183672,32.2224822042478,31.7413570644108,31.2805710727406,31.5804058404365,31.3407569261966,31.6750388223088,30.7827027701407,30.9043431558027,30.6287071207972,30.7469486164756,31.2940194314551,31.4679338836075,31.7538423737006,32.0434511154914,33.1525837796154,33.8199443950753,32.371850072747,34.3373591341815,35.0404455685474,34.7002259796393,33.8849936356014,35.448782516022,36.0408953140809,37.0127449214727,36.7084964536705,36.8671496877208,36.6696325523734,36.3777159423265,36.6300068956515,34.6771611931425,35.0957967736072,35.0954222795353,35.0003780530687,35.2950299129495,35.4629951740846,35.9022495538199,35.0165507679963,34.2145032220621,34.7642612468309,37.0782220181911,37.5595817587058,37.5925051344637,37.4406640143581,37.5047686532021,37.4187038967615,37.597328030283,37.9918002561613,38.8102746233268,37.184571819789,38.0518410066908,38.0129647035877,37.1355718505323,37.2690550140988,36.3453397003229,36.829138581903,36.7432888744143,36.8353595862955,36.4816445132931,35.6650841419771,34.7010273476463,35.0840045075064,34.7974143324505,35.8285361181832,34.7262770099832,34.0724653981764,36.1046888754063,36.2794272010889,37.6348681408871,38.0345619026183,36.2669864170951,36.1020774816784,35.922878684813,35.7596058137581,36.2490372593285,36.7825525894344,38.3789819606847,37.9162469411156,37.7092389206082,36.2474209673603,36.898081900282,36.4501497944858,37.7091184311462,37.961252347553,37.4147832418217,36.5897700328501,37.1076925038964,37.4912462844258,36.8837412039621,38.0381432745467,38.4058532352689,38.4181547591752,38.1711842950788,36.9823715362881,36.8848193388964,36.4226420294985,36.7416244493053,36.4288650580492,37.5361744719925,37.606644060112,37.2643858249318,38.1322791949923,38.3881942883152,38.9168838796078,40.2273921588572,41.2358609414069,40.4725980612547,39.7502817865368,38.8094282978141,37.9232753634441,37.5245884816039,36.5442516576155,36.4017748579955,36.3548721461504,36.7027314352698,35.9866176910907,36.7343724609106,37.1929072489807,37.3113643677649,36.802311359995,37.3022349360628,35.9870451593288,38.5821401987597,37.6846124502384,38.4252704505808,37.8260896912222,37.6756497686997,38.5459592105273,37.0285958921676,36.6765225006523,37.4016702001192,36.2694456191904,36.4491608042164,36.0888965603425,35.9795079830067,35.3032521576969,35.9704370114507,35.7600456564889,36.1819566017023,35.4481323224841,35.8443789668634,35.5713200721006,34.3468602904448,34.7226233083368,34.1223035030891,32.2406262490967,32.5683243234293,31.851646064402,32.0446665903872,32.3302068402551,32.2348658385773,31.7308790447769,32.5453410137525,33.0124252738405,33.0539694565642,32.1604588053759,31.9105874565612,31.771901344822,30.8512638004433,30.9866572030283,30.2239296261095,31.2629808279757,31.4507583050644,32.0505001927115,32.4197800301027,31.1615181855732,32.3424930492675,31.7343113229254,32.4172283017345,33.9710224987514,33.7615765873063,33.4211669121845,33.0362601974466,31.584669640184,32.1854402026747,32.1396856294016,30.9362936040509,30.7958929677571,31.9979553071789,32.2154656145632,32.7039778275208,32.3213780696754,32.2987017291478,32.6790067011383,32.8756714250307,32.6124293755347,33.0446926202444,32.0309228113688,30.5948230980959,28.7766757818346,27.6363730608053
30.6169795371586,30.3100763934218,29.516145591821,30.6824804977682,30.6713521970825,29.9406933124018,29.8300154780354,28.7425935171825,30.653546908671,31.2623305365478,31.3213560954083,32.152784556059,30.2586866519252,30.5796201802076,31.4411826925604,30.610515494808,30.7623619419511,31.2155793890551,30.2478500780893,30.1696471801518,30.0407940544187,32.0498206753828,30.8809193978633,30.902645564817,31.6965424003333,33.602084462203,32.5199024095627,33.8438350570225,33.3142622576168,34.3914773479051,33.3909054225104,35.2210523531651,34.9294702225386,35.4439663890532,36.0270056278355,36.7485680145562,36.3575062722587,36.2346642128917,36.4505950162777,35.7790693135808,35.5624820088816,35.3521616787706,35.9372474098922,34.9453468839686,34.8887198930414,35.096552345288,35.4007356657743,34.8213159744883,34.9575018313654,36.7067769469089,37.4548860501539,38.029620469221,38.1560800899171,37.4128387876581,37.223992844149,36.7086964803479,37.9365200987034,38.6495080412951,39.1328304102743,38.8200294776857,38.0711603836033,38.2903727653049,37.7598010550807,36.4540760054825,36.1525644598258,37.1100381956862,36.3649632373231,36.3355196879764,34.5390804588187,34.8551530070967,35.2126758054807,35.8592523298814,35.3229002446426,35.6081200541863,35.4667060149914,36.0595386183964,37.3787950306124,37.0546306013438,37.4689202194698,36.6454099810879,36.278665501149,35.5163424214829,34.7561773510545,35.9499410029979,37.2511234518941,37.7523648317038,37.8954110747927,37.6545685691797,38.0637808942209,36.7000979013232,37.8582561246265,38.7858943607573,36.7648871786268,37.3133102844132,37.2446475815894,37.1043367445772,37.6354974365207,38.2660795362341,37.5098185937213,37.8549532767747,37.3318159342031,38.0826044147363,37.9884648368391,37.0890438218171,37.3999976287422,37.0220762552365,37.1188446640713,37.7351696844724,37.3669527314591,37.3594630061385,38.66023304933,38.0326709213029,39.2137805055542,39.9994567126452,41.0874130598391,40.4230017858944,39.5357815966606,40.3119328369087,39.3494459265534,37.6510172645479,37.3208367714404,36.0152938133251,35.5234710603885,36.3011229729704,35.3773852785575,36.6625348485012,37.5090801610079,37.6694939760201,36.9662654531616,37.4104697434549,38.8876239389623,39.3343293078673,40.5005207743832,39.510518435103,39.0715696940692,37.9972313034539,38.1102476673942,38.0142606288964,36.901029191195,35.7574924606746,36.9283202155623,38.2716350909248,36.1595839160036,36.9971385617099,35.930045262362,36.1143697013788,37.4284916692698,37.2475589222011,36.5987275856977,36.6473544296009,35.3361118486214,33.999764554116,33.8062850979961,34.0141997046003,32.5464366943842,31.906071000834,32.3818670434687,32.3739806362238,31.0533327108832,31.9935466433369,32.3945322402042,32.6119414039978,33.0950276485733,32.4082451779384,32.7131532029843,32.054606287237,30.8965382103018,30.5820730348502,31.5104933109402,31.6069617632672,32.2238467039233,32.7720992972146,32.5119970709396,32.2648293530013,31.7966988829644,31.0303115882298,31.7845358692898,32.8896693316453,33.0707262597302,32.2187210462213,33.7622662345345,32.9076474825613,32.6101445183265,33.1855692575237,33.5441789785701,31.5354962562269,31.6286292697695,31.0839674785736,32.9261015598221,33.4900923437419,33.2631676061265,32.1774614120147,32.3074045774853,32.6671869026236,33.3696788651284,33.5505754256709,32.8847881948873,30.46811696773,30.6840578681704,28.5415687329224
31.5413601284265,30.2207254801813,30.3978013214201,31.2079958231493,31.4491113630045,31.7654554393313,30.9751968252977,30.6587777727827,30.3449406712561,31.7693342517545,31.1980627795866,31.6773291702009,30.9084144301878,31.6915683061175,31.4655061863065,31.9140779841127,31.3492366048494,30.2850175485192,30.0443798865988,30.3391610364426,30.0871656551223,30.2870786615769,30.0882198211256,30.4627990283719,31.4317134588642,31.6792753527303,32.3129760597921,32.1489674886521,33.1975160183039,32.4301131530878,33.67844634769,34.6143344900305,34.2266315275853,34.6121191663872,34.9031112844906,35.4612929512114,36.1912183807911,35.9778908560243,35.5108378268337,34.8019121971339,34.9873812026364,35.6670888259041,35.5914010592631,35.4140764828431,34.9208173768576,37.4217614236359,36.0426965263679,36.0547434274361,35.9512557125055,37.2211501524606,37.8728211219545,38.102641760943,38.7990016376677,37.9076984956854,37.1316160609671,37.5784925678126,38.8038150508354,38.0583361266986,38.9316841677693,38.5488859026098,38.6053346628451,38.0803853640513,37.8433609977424,37.5179036787425,36.9882352437981,36.3849283307206,36.7930093251339,36.9540886656508,36.5191347505048,35.2238568793546,36.8831821359913,35.4600148396621,35.2410204646212,36.3245889225684,37.2288252679584,36.1338897223711,36.3029702434038,35.7310388418685,35.0469791206527,35.7172501593781,35.296735208665,34.8599589184073,35.1758109760461,37.1168263707813,38.0576193461883,39.0858787595476,39.8545734689101,37.415329500527,37.236312874069,36.4529869103584,36.1366475300224,38.611639564669,37.4409792476357,36.7891183970943,38.1567628560156,38.0286225667927,37.7715505275746,39.2985969806189,38.5891817139084,39.2104562578203,38.8621132121611,39.3191175313406,39.531256610999,39.0887123309702,39.210095111106,38.2028410994127,37.7797460091359,37.8585105695308,36.6750257911016,37.9322812745861,39.541459054915,38.9643272293244,39.2041196243835,41.1899776247661,41.3840892012187,41.514803922488,40.6326706691171,40.6878803459059,39.3531036226423,38.5771053078918,37.3151001770433,36.989652346323,36.6234472001749,36.1996645836005,37.4922519271825,36.6268719708883,36.7064566427386,38.1087813153263,37.7013386293428,38.4385247226103,38.0415371973703,39.0384985068383,40.4065846104124,41.0096023819051,39.4392248216652,39.382632567695,38.3592403097929,37.2663159534133,37.2981893646695,36.3366067712629,37.2614841701842,36.835244706813,37.3125235109707,37.9914423597924,36.9774939107983,36.8175828519376,37.117973502922,38.7560331009487,38.4295986713925,37.2408728314972,35.9785151886819,34.5820950876587,34.2252616255733,34.5947562511548,34.1561380055449,33.3907524908422,33.3336556648089,33.0401359187905,33.0898917804431,33.833083974805,33.3675974903419,31.8627420903603,31.8860383972446,32.7830442292351,33.2813409371154,32.444528614441,31.7753939496753,31.8240633476811,31.9761987687966,31.4284503900614,32.0458886068231,32.7106738673088,32.4050444993057,31.6414502084549,31.0931008908933,31.5324001950048,30.9292484878405,32.1153581491042,31.8526081789159,32.4459465718894,33.2074218874885,32.5814371943609,32.5304207809058,33.5650799562732,32.6946301051013,31.8063081755148,31.4482848566143,30.9945726033303,31.7309223920822,33.4656891477222,32.9550976267063,33.5070284815325,33.573844240004,33.5509964488248,33.3215642196341,33.6450235438136,33.9306264047323,31.7714126752987,31.4806303087577,30.1237346786815
31.299054076392,31.3218274346811,31.3533131940097,30.679360467884,31.3717551452469,30.9327262969944,31.2748056772218,31.3667029239431,30.9121546708252,32.0246496946898,31.8516023677401,30.6148040242361,30.1276731678728,30.8834824872754,31.3443125264361,31.58974739715,31.2188964433669,30.0121159402027,29.0327999721831,29.3042498102214,30.4531378216126,30.1013273357039,29.7578288713467,31.5859978605307,33.1841528157563,31.9531389196385,32.0305516118506,32.7174591720866,32.5527129590185,33.1456662660017,32.9562715077925,33.9764026559293,33.7546629842147,34.5013561928192,34.2193337408559,34.5980199630853,36.1296324731113,34.4518495113081,34.5460829250819,34.1749519305312,33.5368999228827,35.460620177631,34.6280099666081,34.3674577659432,34.1825907401308,36.5124629664554,36.6118401390924,34.8968168683176,36.1397740165028,37.7364018343586,39.1579630886277,39.5535531437891,39.3902672178485,38.5825947523119,38.6969330316685,40.1946404195776,39.9853631206466,38.8335935412857,39.4901740555906,39.1261087876003,38.337257556431,38.2926001870277,38.4003238620302,38.8378682279158,38.8210210132055,37.7608769906502,37.7665982632938,37.679532468649,36.7984836530929,38.3876763266902,36.9405372818065,35.9598619503137,36.8937701339761,36.1502347849177,36.251080410021,35.4011686042955,35.6168826576697,36.4667383515945,34.2745703412069,35.0314688074823,34.4545978213024,34.5867449031818,36.0197172644903,37.5867654199734,38.0799418440944,38.0374032572797,38.7972885903323,37.7974802715477,36.1816930271835,35.9046165723827,35.9011492943646,37.3402014045579,36.605600844836,36.8441795537475,37.052151143701,37.340387760926,38.0404967094446,39.7720319993767,39.4539604950587,39.4421293278256,39.9729539372384,39.9683523727077,38.9813824343278,39.2809619317154,40.002838374493,38.9553274472854,37.9795695644907,38.1452699410136,37.4071725335616,37.872712917515,39.6049461238136,40.0152515883793,39.2111236155934,38.7133232789237,40.25219963518,41.8464609574715,41.201029698526,40.4867531141636,40.5537819363083,39.0072180139141,38.2549433681613,37.695152659463,37.5628337905103,37.1302734906837,37.5629394830292,37.2516451271593,36.9715460657802,37.9536748950852,38.9259173179257,37.3713828339595,38.1716378867261,38.6811821617953,39.2530514868187,40.4963546094635,38.640872828298,38.7437838425287,38.1130797613568,38.0157042580936,36.4136291124038,36.0662456751817,36.5152425875882,36.5602769620673,35.6212989079556,37.5950668171457,36.6923337432839,37.2440456719619,38.5213981981313,39.1987544872696,38.0441994809821,36.7327103510406,37.1132366051104,35.2946012189083,35.3755967619573,35.3084762867449,34.3511477910301,32.9195638826859,33.7771655374112,34.8232965867036,33.5870899505084,35.4103035336772,35.7406006604603,33.2376744154599,33.2858593165492,31.9326982889107,32.9804952153804,31.7197880251225,32.714960902593,32.1045435399593,32.2812301875137,31.6739456558774,30.8001259948637,31.2502238362446,31.0701925786669,30.1051887228032,30.7332765254816,31.7154365096024,31.9312877971828,32.3423006402188,33.2603722365993,32.8645303016172,32.9061077733571,32.5815327940344,33.4788929507786,34.4342820966511,32.6858315979307,31.5303968978486,30.8238085531293,31.7666330924583,33.7253308141568,33.6097735056697,34.2714948160429,34.474007037948,34.1866822676185,34.1751798326364,34.6074218549694,35.2316986902753,34.8942951206899,33.169859820968,31.8204363102117,31.1707665711441
30.6513403026842,31.6264792773144,30.6259614637727,30.9967668342881,32.2884906014882,31.8873318493017,30.5731417435182,31.2997292363733,30.2862988584479,30.6161173649043,31.0447950495751,30.471336946112,31.2423872436041,31.1953315452128,31.022993270468,31.3632099392953,31.2960075906553,30.8145139614523,29.1040187493058,30.0068228220182,29.7408804954804,29.1942832483339,28.7071648294202,31.8397245386553,32.7237642435223,32.269957180637,31.8476913683946,31.3828619861371,32.5109337739099,32.8641386699622,32.1666571686449,33.0538796388344,32.9654223949233,33.0779982589873,33.7176405300958,34.055920650919,35.4143271122854,33.9738394698823,33.2736591828362,34.0849714967651,34.9307700362221,34.564071136161,34.4913126682589,35.4026879280646,35.8803825666345,35.4219257981223,36.0196257839535,36.2990243007883,37.1383831289774,37.2344536053606,37.7298100924863,40.3110188233933,40.2140129245214,40.531809506245,40.0099463971765,40.6584838035091,41.4679876991036,40.2576153091477,39.5404511713574,39.6988752469819,37.6575418912942,38.0897983019063,38.7354356023789,39.1185632600534,38.794944948887,38.4171336996733,38.8255058978411,38.5491138800461,38.1304183225517,38.1011408827214,37.4072453988268,36.4316080409449,37.4003366661771,36.4567192763011,35.6316481343879,35.426759524886,35.8532595798355,35.9210554869523,34.7900915981317,34.2844860664077,35.7273149341159,35.6566343391013,36.8283335737749,37.9413674891712,37.8412884891917,37.5641144185886,36.8371996929829,37.2668348474834,36.6721391787189,36.8840970750071,36.6675373049969,36.1141729412278,35.6674679395654,35.3424014861141,35.4160262204139,36.8243689110075,37.2338352566789,38.0997119259216,37.8434143922958,39.0129938458793,39.5165499233427,40.2276387146726,38.9894468046811,39.139059723654,38.8212469298251,38.924183348426,38.3791527349496,37.3359720157782,37.4249638813102,39.6173299157983,40.6326019525324,40.6826118032326,39.7802096680511,39.7316732448209,40.7072833388358,40.5705936189645,40.4704204621255,39.6366416860029,39.0518003031918,38.6232648651762,38.5080677182153,37.8715335821546,36.6809782751301,38.0890834183247,37.9379773957098,38.5488435948055,37.8642583463757,38.2355340735664,37.5018013103621,37.4318009471196,37.9257696989649,37.7853172749852,39.3700877756231,40.0759633445552,38.3841925103025,37.9790255878923,37.8170868817633,38.1114332235305,36.9608388497479,36.5942696422996,37.2877779065921,37.6422869765064,35.9270090191138,36.3266349378837,36.8112960332487,37.624708814345,39.191811539551,38.5538372393064,37.358662010361,36.7571285246341,36.5714423367041,34.8501351832774,34.4337965129094,35.7302847419391,34.3533650168734,33.4560698037247,35.0014463963723,34.7373726152704,34.3664266307115,36.0177059113593,35.5316622204086,35.6733891530872,34.3634456689393,33.3442273142387,33.5047399690513,32.3030185513555,33.1202892373779,31.5637259146018,31.821450315922,32.445474845635,31.7364334349905,32.079905326298,30.9899906035776,31.5848168591524,31.7422908915592,32.120643912014,32.3068538223901,33.0322778049647,33.7642232123694,33.644632148918,33.4617225207059,33.2910730845862,35.0759588360648,33.3649047702791,32.3909380083013,32.0919765167347,32.2285918196913,32.4358681056987,32.5854644298313,32.9708785468643,33.1105141806165,34.0728537567238,34.5108169154647,34.5731404932066,34.7134331531231,34.7129211981248,33.6924455374488,33.8149121441895,32.1358752029822,31.8278841680397
30.4503609071613,30.5802309566768,31.2714569962657,30.7712787301698,31.4436359676506,31.5815505219283,31.5395754216065,30.8412349932181,30.29235722239,29.8271212997182,29.2036125405998,29.6754765614555,30.1185198668012,31.0298659787182,31.1745642357781,30.9160375024288,30.3853367059672,30.8805133007859,29.6240595434319,29.7749815068448,29.6662259570327,30.2400125346899,29.6096232035329,30.3991119061393,31.9685967323391,32.2631523449613,31.1918641759453,30.1746014437668,30.819462595491,31.3627003795395,31.4674444299465,32.4520931695121,31.7434325215789,31.0094323175621,33.1563806121352,33.1001984264426,33.4401781345532,33.8885157645925,32.5623635578249,33.8460576744609,35.4656813700513,35.9154152069427,36.3150800639461,35.9148745596483,36.3446496799657,36.670206190973,36.6850992123295,36.9407951624862,36.8877779353636,38.9736043474791,39.4378094487646,40.3142450234387,39.9629716452397,40.9772441198041,41.3958144856116,42.6986870828711,42.3961442132457,40.9269653529878,40.2517907629146,40.1945363265499,39.9287332881809,38.9893482989377,38.1925464497978,39.2323374623841,38.6836854207152,38.3104038983853,38.9970973128186,38.9910384138704,38.8646700917198,38.2682674223004,37.6556348480988,37.6358221051756,37.3485684408994,36.3113227494371,36.3937537213506,35.5624140280832,36.4351689869765,36.5393424227292,35.3914886395261,34.9045265001913,36.5764734462356,35.6643472426624,36.844882743129,36.3990796532591,36.8781269433124,37.2337148177091,36.8002508977642,36.532727283411,36.2530436372426,36.7057142880948,36.1401935716613,35.5919400599822,34.9758492997608,35.0453675296631,35.0573282120053,36.7197213186023,38.1542645193011,37.4193953122805,38.2692638706785,38.3207143829702,38.3963382156634,39.1185691507884,39.2190611311896,38.8850744836646,39.2026188786511,38.5654866777319,37.7997510343264,38.3914494660722,37.9654619384391,37.9460086926162,39.425692298475,39.1201627351016,39.4916992273584,39.832872508665,40.8833238207099,39.1661690294023,38.7999253278285,37.180449661127,38.7208359368036,38.7594035366447,38.8384351472506,37.9952519015718,36.456422345352,36.1246079790085,36.6442964843764,36.7148201065163,37.4903688911451,37.5207096221626,38.2266099521923,37.1937882256679,38.2281159231884,37.4049504993527,39.2151737066394,39.1960495978642,40.3954986376018,38.5369972184101,37.6740700721051,38.1326244621864,38.986894937596,37.5406202245592,37.9046453325275,38.4229099325499,37.3819564018122,36.1464511553748,37.0272904063139,38.2221062918007,38.4850576685084,37.8585953185667,36.214443082698,36.2765025965016,36.2668294764998,34.6389603568695,35.2971876442572,35.4826921116093,34.2160710182158,34.0206181473968,34.7885569505769,35.1749132535866,33.8975172760041,34.9204174833453,35.3173471469872,34.706703980003,34.3119443992853,34.7892533983728,32.3486895969283,32.8885483431971,32.861413028563,32.5724758961111,32.649497567189,31.9558735878472,33.1670116535304,32.1977162311049,31.2973858179313,31.2395313290781,32.0771008544856,32.322420414041,32.8601277835686,32.1174686246029,33.3539209482163,33.1022640035585,33.8474495201985,34.3869289940543,33.4694607639106,33.1157254890501,32.7342571282858,31.5216774064879,31.9363948912984,32.60908759933,32.7828128365614,32.6255339281752,33.4694603555334,34.7988325851978,35.4426493161264,34.9187041129762,34.8092292694149,34.4429322236785,34.220560329048,33.4281895577694,33.1227053889545,31.8953728824174
31.4909547833485,31.2881485470094,32.1098435326291,31.2036478194706,32.4959301153885,31.8195068789011,31.3355840744763,30.7081634560058,29.9204105698294,31.2286523926431,29.959894141152,28.6006070531689,30.7557518935299,31.9461305179041,32.1323528654146,30.5564343566576,28.7441643866178,30.3595907940109,29.7520492318683,29.4685351941596,30.3479372720549,31.7519491456798,31.8162411859595,30.4440496269765,31.2387322618061,30.7993347128875,30.8455938037851,29.3601038843115,30.6887154019202,30.9012721552997,29.9376037017222,31.108069024715,31.8378732762842,31.4924267482916,31.4500016555168,32.572951152287,33.558116322861,33.3206205289145,34.367271512592,34.280147729554,35.2206398462645,35.4914805426702,35.6848119715119,35.4321073671339,36.3199925810228,36.8612909415606,36.9490826532191,37.291609809518,38.3856740080637,39.4769766817979,38.7425854979357,39.8827178143768,40.1432270041824,40.7666014386043,41.1906030942119,42.6261439032529,42.1434858244761,41.2747130561913,40.777505327562,41.0884674832436,40.3290511445974,40.5569098732054,39.6599671762,38.1818998805826,38.6607330457828,39.5106230976991,38.7360977386531,38.9981555569255,38.8225135061474,37.6050954637242,37.2711557646047,36.9286045991381,38.0106128536727,36.6501668529586,35.7305863555746,36.2073104366729,35.9743923973183,36.604573494614,35.5282724526586,34.7765651415629,35.0543109621625,35.9275857129062,36.7036741338339,36.0619483444863,37.2888384970046,36.7923868910755,36.4905603795101,37.0088653628195,36.1454875685974,36.4110547855914,36.5133135532042,35.6757551728626,35.507975077293,35.5261620808943,35.9901272879203,36.9128185516527,37.7534678643593,38.845090764152,38.6384416305906,38.4115461954634,37.9427431108491,39.5795616484204,38.9727550758064,38.5219002215295,37.8031432596556,36.9020654966259,37.8404983997078,37.8673355974608,37.6418219868898,38.4364084081981,39.4621611604032,39.4351475564425,40.2230901603577,41.7028329707249,40.2954574024094,39.7540265262848,38.2383309919601,37.4648401158213,38.3129067375712,38.7425929854654,37.6780571191993,37.235095955656,36.155835770044,34.1602963867709,35.4344571833416,36.2430988812822,36.5567524983973,36.7094534176666,36.0218144480044,38.9757384316149,38.2537879608191,38.2971540800958,38.2209145531655,39.9336292774285,39.5659804073848,39.2937818276392,37.6645916226832,37.9280050807727,37.7896528629472,38.1644279753933,38.25359032197,37.8273588002607,37.231763365642,37.7830395377073,37.9680566559237,38.8857674097212,37.6607778000028,37.233698368263,36.5843292567878,36.8830880577799,35.4808140250747,34.6984698525306,35.4854193475065,34.3328763011676,33.9487715122527,33.9337750682529,34.3036535497093,35.001646099587,35.330473562472,35.1046831771083,35.3853726376377,35.5385025502334,35.4444617138038,34.1937282373228,32.9638997331513,31.9832580377817,32.1602268222017,32.7102394857707,32.4156441330224,32.1132127865227,33.5631346009512,32.0099193177595,30.6758135339048,31.1475180067858,32.4022177898972,31.989094007237,32.5830925873086,31.7694280756382,32.9000486123747,33.3576021045947,34.0783461975507,33.6801443075684,33.1057678076744,33.6677129396503,33.1504573017727,31.7692062971715,32.6000967808938,33.6424766740137,33.7852859412716,34.3265252858096,34.6370492811366,35.4655098541756,34.9510447473361,34.1511020115415,34.6711492230636,35.349896471294,35.0144826087952,32.71318591316,32.155106572625,31.5956288617852
32.6685386910522,31.0281705725639,31.1737629297515,30.6862542670686,31.34550851463,30.8381670718372,30.5966329846714,30.3301668530466,30.4478656765569,29.4452416544831,29.4119882002282,28.8572701384879,30.4586008689554,31.3294486611241,31.8537628438083,30.6410775762654,30.8745507716062,29.6589338624601,29.6754931718316,30.2142834335656,31.7054336449545,32.2898066934569,31.6343730322341,31.8737185898706,31.5569374595759,31.231194451798,30.8973086623491,29.7378698592907,29.7761715856112,29.9723005515848,30.4958505380195,30.7935378673454,30.8016717243198,31.4530575054879,31.6296076168476,31.4284796734599,31.2832985227378,32.3362409461887,33.3689741353644,32.9918449084548,34.2576649858566,34.1478559265723,34.8057804730434,35.6105394570379,35.5755018662389,36.706641325674,36.2329478252358,36.7932242183531,36.8081833440165,38.3567845686845,39.1189546152946,38.3738702380243,40.2465996458711,39.8554549042278,40.9697222621129,41.9283196999653,42.5986179445883,41.5446209439081,41.181215651716,40.9891274491296,41.1202259866651,40.4571878989839,39.9712077414015,38.8769203851142,39.0104629313745,39.8646925518306,40.2134711056234,39.3035643856518,38.2173098713452,37.8364957739565,37.2294661647041,36.7051602659874,37.5610514505483,36.0869526360074,36.2740373408732,36.4369531286217,37.7452716166848,36.6391265693046,35.5197146296817,35.3087282252015,36.1016105063537,35.4130701867781,36.2271901613962,37.4962154809566,37.4839802157654,37.3385020204157,36.8270234853632,36.7029980110088,35.5071402902268,35.4194520577209,36.3503946474637,35.5603464766578,35.3770028592249,35.485147739702,35.7176174003493,36.2217704616313,37.6693076884901,38.6690017479333,38.0199581200795,38.6669725991091,38.6866569648885,39.1473317428062,37.5200522125235,37.6930634263394,36.5551490293067,36.3110169587272,37.9806886535683,38.6594124491461,38.6103964810804,38.6215209669328,38.7808215267708,39.1432363213409,40.7329702920109,40.6919402863693,39.7306742393188,38.9627893776062,37.464274808896,37.5741069013401,36.6342598556131,37.2643029834937,37.1757533165941,36.3558457998754,35.6056019679392,35.2593172482513,35.5232553858682,35.3453801019268,36.5795239868391,37.2803571953209,37.293256513865,37.0680425769407,38.1161388260872,39.1065101883754,39.2088623305555,40.1994328390528,40.3299058508668,39.958221930306,39.0233307369057,39.4690379254728,37.5613426218178,37.3365083047848,37.8087065934912,36.6976765126074,37.9746597527384,38.1881399737937,37.9411829594295,38.7527141284476,37.7284742060709,36.7372719741684,36.2019980074528,36.5683297592125,36.5626108690819,35.8876337475502,35.3265908590844,33.9002471388544,34.2621407616288,33.797767375403,34.1250608120125,34.8791143593323,35.993935098636,35.8654338497101,35.1968075674568,35.3942419100245,36.3344855054644,35.0505926904733,33.7747657606633,32.4123215187243,32.4653352659899,31.947761452385,31.82965164699,32.1360343784121,32.1023953614638,32.3808893111897,31.1540406487247,30.7812436924778,30.9206839832442,30.8753173092141,32.6704102302551,31.9320644834201,33.2513525381431,33.7240508559885,33.6650607680561,33.4875493810766,34.6307679744093,34.5857997800517,32.9602571179243,32.6900343107852,33.3232414717106,33.9038261978559,34.8900620022853,34.2154929196832,35.7370303844634,36.3181037490712,35.4134201491799,34.5165221608063,36.0355922167128,35.3779464075892,32.8555683807206,33.0471300487953,33.2257129345081,31.0460099959377
32.9832506321331,31.6595003028795,30.7331708914439,30.3363260135923,30.709120178608,29.8973022882271,31.6799503655757,30.3298809001424,31.3252429071462,30.0821904707076,30.3825941731393,29.2073568748959,31.3244591035263,30.9128245158412,31.836192009762,30.2108063991459,29.7402152968233,30.6468300702187,29.8236751650534,29.7291062125593,29.996094364152,31.1844489955643,30.4596627732933,31.1904250623802,30.5260056271185,29.9942908165328,28.8969046147439,30.086834292389,29.7257279053834,28.9611189874541,29.812584828843,31.0462382161313,30.644064503016,30.7647764782709,31.901194744075,31.6949542072428,31.6444445302139,31.2980799129396,32.1204123022272,33.0026125533848,34.6601779578504,33.4366764930386,35.2361378278772,36.4726646980644,35.4024497703703,36.3118958275695,36.6023755537878,35.9405277834854,37.1908148938338,37.9677950849753,38.8021625342303,38.9924603174577,39.9779415870226,39.7166559756827,40.3510872216691,39.6933954771108,41.1831314840172,41.0901390490512,41.5874354050052,41.3941751193407,41.366368513983,39.8439576395551,40.6049900065388,40.5914850436613,40.5922041544259,39.4175303445777,39.6305722393965,38.4991142926844,39.1465385358229,37.8376016819766,36.6193971253703,37.031045458602,36.3858796551919,36.4439404478283,36.6304955262948,36.7792074188905,36.8749246774547,36.1662941914885,35.0640704040251,35.6117192421946,35.3304683483949,35.9297954721513,36.4027372304285,37.5708332045852,37.3843610241926,38.0584437102573,37.7409911890681,36.3645516736399,34.9179348310131,35.8704327186174,35.3910979633438,34.9594171840195,34.9028311561336,33.7447494359094,34.0079673198653,35.9511105738796,38.1325854706153,37.3469599922318,37.4016979889276,38.0572084679434,38.9958021706904,37.7513124920246,37.4318008866298,37.1212183994643,38.0594395215657,37.0805409198653,38.146087800837,37.2585242735285,38.0346894865704,37.3940969326926,38.3833649711934,39.7598896273894,38.9281794227364,39.8484285036444,39.1235193772967,37.6537716743724,38.0236465076664,37.5658538033124,37.4514744432754,36.2270075257024,35.520107939948,36.155153326036,35.6128611621128,34.6975889839064,35.4702554645325,36.5329914971904,36.1410198432638,36.1170898554692,36.5847522212657,37.9916248578381,37.0446387906932,38.6926096074006,38.9013314206357,38.4857751539167,38.765479692514,38.6771126512669,39.2962764422188,37.4589494166824,37.5777651975895,36.6445245806126,36.9208838839295,36.5964873281048,36.4577594370459,38.1296497372217,37.9738626801048,37.918053565514,37.2594607890202,36.9888508723975,36.4921830234446,37.2609494208807,36.9268434005159,36.0137230285133,36.2206914925373,34.7580096473374,35.5662911916703,34.6565026024605,33.9531586636863,35.6096678936512,34.6248020034728,34.4811637847046,35.559803640737,34.6547335786501,35.7517756412385,34.0591101721832,33.4928885208626,32.3700717575332,31.8349640259451,31.591100318177,31.9935188021119,30.6895328350635,31.9393585440374,32.3371988188164,31.6526329096384,31.8275979964976,30.6963522968924,30.3376762677691,32.1784846742389,32.5959090487279,34.2574491423692,33.3750954512706,34.1215154735875,34.7332750064287,34.7453825834919,34.6414837834496,33.9927251064175,33.04387254936,32.0525686767004,33.3074235937915,34.3496957575231,35.1399869025186,34.8069925283355,35.3630329534984,35.8624445439559,35.082389767099,34.4484239411634,35.633647964303,33.8961927656058,33.9736867666768,33.1145419323144,31.2055146139381
32.4088724150489,31.2213854926523,30.5967333829414,29.3484732056253,29.5162699319434,30.5546040294906,29.2690541566515,29.803998519634,30.0260684062242,29.5215416132431,30.5738272080679,31.0837591661341,31.6848789627779,30.7238018222021,31.750436297313,29.4805371022568,29.4886313184786,29.6851152319056,30.307330940815,30.1911487126052,29.4968445663342,29.883305930643,30.5408863052527,30.7740753749892,29.7322873914758,29.1149364401859,28.0069162577848,28.5401280398073,28.8337915270103,28.5781012231507,29.4478779899402,29.9016262850485,29.1157796007389,30.0623132037138,32.1425750896373,32.1005586002622,31.3102288713823,32.100881709125,32.3981390356016,33.2123587305651,33.0736422220662,34.8687298641044,36.1998670783273,36.2256217560146,36.0906985515894,36.7762886889593,37.5897825885699,36.9127714174497,37.2158855769736,38.5655632219364,39.8586285734699,39.8949664701871,39.2188334149765,40.0968006345309,40.3567340526276,39.9980808556597,39.8218789949856,40.0723868022548,40.9315830300014,40.936101972315,40.3364957751819,40.0073644172627,38.7658870566742,38.2931105784435,39.5378045295247,39.6330332446314,39.1744123589546,37.943747474131,37.8994249109272,38.1871708180122,37.2942662143899,36.1809864294396,36.2383948264277,35.6381827755363,36.6925519859104,36.5678508288497,36.6350502703972,35.9011188372968,35.7990453175333,35.2470739254934,35.0518371013836,36.0296568016401,35.9212922723442,36.5519248292782,37.4960174589416,37.4003458886802,36.9736268645918,35.5284056305694,35.8963043441553,34.5006117674472,34.1285924678582,34.1491055606615,33.4626586348189,34.0327285939328,34.0308465669303,35.6144411254648,36.2159781344682,36.9933115742233,36.3221871840438,37.24993165621,38.0682122218683,37.7809097010211,36.934106743502,37.5189074910844,38.4012596977368,37.9122480262059,38.3699116758199,38.0619115181088,38.1586945387539,38.8629857209022,39.0718144718893,39.4367767557115,37.0285459229955,38.6194940043747,36.979794590206,36.8672093397559,37.1515909153207,37.1768340772797,35.7918077578857,36.2205057672296,35.4162301940962,34.9439297981703,35.2805881858867,36.1991559187448,36.8449799028124,36.2345792668182,36.3759560663776,36.034450079129,36.1758338695865,36.9062820943043,37.3224866200173,38.3840981518426,38.6799591328853,38.6039560396336,38.165915646256,38.5126426501832,37.8097890117674,36.3742449881931,36.2671193152674,36.040620046579,36.1479780263924,37.7692455781517,37.9463973456226,38.6727749036764,39.2971102373017,38.164679103103,36.7633037141073,36.2252038076449,36.6771074612083,36.9214432707435,36.0531180661876,36.3916972623884,36.0475405459128,34.1976301029255,34.1897085663634,34.2622300201111,34.6554633155819,34.9269003881246,34.2157257813792,33.8084594867787,33.9870939659958,33.5579489161791,34.234632956903,34.231640193376,32.7585265104386,33.619397209547,32.4833966651849,32.3366520680969,32.2337540504113,31.9137167729091,32.9412502232203,31.7533460255199,31.4915755960065,32.1344338127824,32.6267205033361,31.6969938973002,31.9233000260424,33.0365162361446,34.3550636418231,33.458545551456,34.4271019330495,33.7880588856224,34.4610822962609,33.6337648626327,32.7677895289661,33.4432140292491,33.243701401401,34.1282056659119,34.2711975169899,35.1849004150377,35.5994889876076,35.9230304774531,36.0321063331529,35.4207798341664,35.4579926130611,35.0918627954613,34.586097503173,34.3328438686418,32.9919271225723,32.5401348137958
32.8323390074065,30.9739500783368,30.216530928694,29.5550938223581,28.9065613965675,29.9224666049477,28.7169389115084,28.980845005987,29.7627587269184,30.162287780854,31.5123316035674,31.6747218616861,32.1602911954256,30.7465061686506,29.983444943901,30.3307910016588,29.7954240270057,28.7559274883344,28.2965729259085,28.9441131376632,28.849625282146,29.179074423604,30.2526683847171,30.234510125871,29.8670289446835,29.1109771583739,28.9533836079002,28.2002304301006,27.5451807647679,27.926956760745,28.4555839260249,27.9992819066817,28.5892400875961,29.8891436810099,31.9353661214387,31.9764140293688,31.4477474779999,32.4886501550962,32.0765959766143,32.4932676532942,33.5224980629892,34.4016256611528,34.6627251659146,35.3050507626255,35.6964036650551,36.3376450474208,36.9118420514066,36.7743336004711,37.3148299395948,38.5968664973266,39.6567448480615,40.4678058589767,39.665526965836,39.6265787598904,39.0208290934707,39.4015221850756,38.9550416720174,40.5738946415577,41.4713482501674,42.2382313795512,41.7844406763204,41.3631719195335,39.2788318142813,39.2216957286577,39.5039721880049,40.1436253367751,39.7487691743699,38.4005417770346,36.9448036481259,37.9662095691176,37.9294308036715,36.7161302134948,35.3359399828653,35.4430174035384,35.3577999563052,35.1208333825898,34.7981861633851,35.207530652077,33.8668103008647,33.7588246499674,33.6664522991043,34.6292620224886,34.7217412133994,36.1966869098268,35.6859546322964,36.661224540451,36.5334745928397,36.0749268462306,35.6895816273925,33.7006024572387,33.6390653560952,32.7010161084095,32.6849785535383,33.4322006866359,35.4584200115048,34.1580692509115,34.9262967930542,34.5572992211541,35.3284355121505,36.6100830207841,36.9766836238373,37.2226767530513,36.2467225251795,37.5140259157449,38.4017694155122,38.2027119217828,38.2346498719545,38.6764635740991,37.6842363824969,39.0769827428886,38.6965902111115,37.7649849583941,36.5711779410478,37.5226272150244,36.0209400870419,36.7764680937123,35.8901126168237,35.4052535715392,34.9301929013439,34.2313055329098,34.4032923749648,35.2623664772845,35.0213841282484,35.7895430016403,35.9376422084039,36.0439359400239,35.2026792027499,36.1426312456844,36.9790559435445,37.9956626194598,36.6822359319578,37.6646202676505,38.2198429900821,37.9864352719915,37.6725745122757,37.0780418679601,37.7328574158863,36.1054627270545,35.4906938828634,35.3189955193649,35.3898449153574,36.5700224109912,36.7207426683561,38.0443070269832,38.5287362969257,37.4884507263282,37.2114111985844,37.1172874576935,36.4193580452994,36.9071662750186,34.826268226973,35.8208283702086,35.2287066101534,35.9697070458829,34.9263137327829,34.1700410778513,33.5674136152835,33.5525662978251,34.1487990785136,33.2916677823499,33.6476195306701,33.4338717649103,33.4168541636906,32.6941857366542,32.8825904387841,32.9590617948919,33.2882567855015,32.2803865171874,32.8861716031447,32.5978793004054,31.9987344380148,32.9114030837919,32.26835476456,33.2215959418181,32.8222930818103,32.7355192997104,32.6406007034482,34.0961914214617,33.1113280383307,33.0367597478416,33.6589835628848,33.2476702303803,33.7582616051349,33.3855977878641,32.5936702544244,32.973041143806,33.0735879233938,33.0629088229294,34.4998861703464,35.2073592711852,34.8384190074274,35.755058571142,36.5113973145779,36.9173992587048,35.9472302474854,35.6154474671898,35.3362117986657,34.9573547020069,33.9498997627531,32.8149866126353
32.4392936955543,30.7793976882982,30.3743540649961,28.7605063893143,27.7057183656134,27.7315909847107,27.9880166683677,28.9246202198631,29.3849881292819,29.6417853877942,30.3664239810317,30.5121266556871,31.0177118479461,30.5322287059131,28.9918416042425,28.8276499146276,28.3998395789491,28.0397727685991,28.1838145374244,27.9101054380612,28.7425934910853,28.3973084124255,29.0586774496955,28.4672276724694,28.861166246079,28.994464414367,27.6712401456896,28.106123778162,27.7866193481862,27.9847621911137,27.9515422877007,28.5673117447716,28.6425900772628,29.8711286553885,31.5111030422135,33.0003271869062,32.8755296640982,32.0523777067282,32.542877192823,32.1600853509679,32.8579904805206,34.6445837660741,35.3410080636282,35.1880580113004,35.7537082376526,36.6303721570244,37.5381113888175,35.5790743887987,36.9026136376426,38.0985233127983,39.7588787395969,39.2342146708749,38.7203088505351,39.0965437163769,38.8585323495216,39.2847956099485,39.8547240311384,40.6511054690773,41.5554673661374,43.2528080081122,42.5954454577924,40.5135969517012,38.4278601373538,38.6050403414533,40.2621796264752,40.6250392271852,38.5615093710993,37.2816271184708,38.5149692904319,37.9310759300504,38.3452663982002,36.6474196269991,36.1801399043631,35.725865296545,33.8574203866899,33.5568472281616,32.3651803406749,34.1364706162532,32.5007989287401,33.544804044778,33.5582744606054,34.2402320751729,35.3246169032251,35.7341283208979,36.4985505489627,35.6529351849744,35.1123158438847,34.1477760098603,34.7062596440932,34.7165126622659,33.216008689329,31.8367625902321,31.1014302295642,32.2349050172899,34.8495174864109,35.4996306432238,34.3574649758621,34.6415769681981,35.7752268993584,35.8211777426375,35.3442961098443,37.167452797122,37.6809268072212,36.8806143770719,37.2089892853509,37.5857468562487,38.0307300106628,38.5985427903386,37.5908271928168,36.5117515467506,36.6476570012779,36.4221671210233,35.9625621625735,36.5044652867283,35.5028000493161,35.8137883159976,35.0216514772953,35.0417037578535,33.8464991013202,33.7053184682839,33.2805090715242,33.966080463984,34.2137043389028,35.2059396514812,36.2390200762894,35.2735074674801,36.5459927403556,36.3181083993133,36.9744597951009,36.483164775147,36.9244113873521,36.6697591353206,37.347476164246,37.9726044805109,38.6310773762632,38.7309373126029,39.0891048809595,37.5153995224133,36.082743923424,35.9192488282983,36.9547802032053,36.7731431273725,37.1471277571929,38.2291238167707,37.3473864037787,36.5896308307166,35.6490964804649,35.9878683038524,35.2385658477754,35.7171030782211,34.6746814297876,35.6040659282516,35.5251731197481,34.6001382953548,33.5623792107399,33.2014221720656,33.4873910720936,34.2670662191217,33.3486991947295,33.6115351285258,33.5024996612814,33.6972872601446,32.5826323804046,31.9570201432795,32.9547586230241,32.866779702515,32.9753144433588,32.0346192924788,32.920094093012,34.5552179909696,33.5943581089795,32.7589922393998,33.2163913447646,32.2546334301255,32.4677150317069,31.8693801289847,33.1643591686953,32.7481711774824,32.6507143728492,33.4353067352885,33.6800885033783,33.3950002444314,32.767011575592,32.2760668325345,31.3627573696949,32.5016504399451,33.3619648504675,34.0846261314128,33.2803886525009,34.7095504489732,34.803203872128,35.6967597271675,36.5049215307616,35.8385356458416,35.7282920228898,35.1437646138927,35.826272302961,35.5349873853917,34.7794109937553,34.8880197475811
31.9978861559358,32.000624331179,29.3509118810358,28.6668741779843,28.3218660148816,28.9024685456851,27.9056375734607,28.5368037455284,28.9092754660048,29.5108359161327,29.8026983771764,29.7004635427685,28.7552375555979,28.2511720473851,29.156312768889,29.511012697866,28.7826197068694,28.2140102094291,28.5394347940297,28.1600184758074,29.1574394284648,28.4476458262107,28.7789462883349,28.2414684524931,27.9647649077469,27.9802939693297,26.3866123369517,27.8406117432912,27.7512997107656,28.4112690027708,28.7337817025317,28.8543524481431,28.9495192668795,30.3499732587485,30.7069080339767,31.6931863874142,33.4325217333831,32.4955732762646,31.6942348310845,32.7787649495264,33.0815990877171,33.52693867987,35.9834887892971,36.0639543892815,36.2783494564147,36.6154085974632,36.3778187347038,36.167642125043,35.9460999763726,37.8455599600603,39.3125159370389,39.4176119786724,37.7570580485749,37.9189335495224,37.5855701694067,38.423959020149,39.2779898379877,40.8671127482538,40.7523321082796,41.2388076826779,40.6131672305751,39.6439246215057,37.8868239022279,37.8941398597767,39.2764306205489,40.161016920993,38.2657047662971,38.6113406766,39.2792036376924,38.2999230290147,36.4916154849774,36.747305429159,36.396393775976,34.9154179816156,32.8110156381318,32.4938603119503,32.1678070407737,32.0286420170604,32.2607671929426,33.1523153523851,33.8354362216873,34.1810290253038,34.6790842807352,34.9605786790499,35.1880435370816,35.1171514667014,34.8183659160978,34.2583228778245,34.8840310200142,33.834519944406,33.2185980889754,33.2213834565074,31.8033334592212,32.4954367774013,34.3725406922735,34.3454839233008,33.3520122284433,34.7005761207828,34.3304252848454,35.1035848157687,36.0863029397684,34.9388487292636,36.8238043341616,36.7379357014863,36.0928373480851,36.9527280545155,37.7876471804072,37.3941931284966,36.2927814473352,37.2338003731547,35.5134006281676,36.4324980326555,35.0074860174637,35.6742751509764,36.4816539077842,34.5831760266326,34.2121679539957,33.6083298393577,33.5165421608596,33.3067787444477,34.0542069119934,34.3612288282506,34.6475879930972,35.0885798814127,35.8463024471489,36.7656849783397,35.3254085376081,35.7131497330489,36.2116104727311,36.0059683040757,36.2819738550185,36.5562316872092,37.7140216270708,38.6197453070222,39.0981526267565,38.1864977538091,37.5953006047379,37.684126340388,37.4386735015732,36.1138305851539,35.606477375046,36.558771687604,36.9064174713897,37.0526498514391,35.8506870996985,35.5968782290535,35.3198778954198,35.3518071345747,35.0701693673233,35.0250589612248,34.9923814050564,35.0988260306407,35.0721634559862,34.1716787032415,32.0399896947534,32.326230248032,33.5357199658753,32.6685745885798,33.246000339739,34.463515279773,33.436769912336,33.5510085533376,32.8554558527635,32.2213145066204,32.1810620786757,32.032891958709,31.8864624941685,32.0630817112273,32.6699697069189,33.1734505809243,33.2517927996809,33.7870376473524,32.0028487572526,31.5180077181635,31.2561273739756,31.0447697663112,31.5579576343568,32.1662202547423,32.1757039068656,32.9820407281467,32.7510100628012,32.2687055758481,32.5711431226549,31.6548866225366,32.4552328201363,32.1842546403569,33.8994152971596,34.6109009138648,34.3777703403432,34.7107755530081,33.9640707738997,35.4109892402928,36.2869103640666,35.8489168472463,34.344993347726,33.8244065704816,34.8528664073958,35.4529310469069,35.4484410221319,33.067648343695
31.7327050523582,31.2310256704852,29.3020209489145,27.8770451227392,27.4602890974812,27.3866059129616,26.7577825076666,28.690461243668,27.8298032767272,27.5511347514548,27.7910748477049,28.1540873553634,26.4713298324323,27.8726904448009,28.2666320142188,29.3594626532787,29.9214936063404,29.0848371326769,29.2399593748067,29.5958308222541,28.3129456017752,28.101050891778,28.9396901077837,27.165888007923,27.2058517247461,28.5121056296346,28.0218258894608,27.8229069163371,28.2274235205785,27.1778374692483,28.3857925573017,28.751073221875,29.0358887738892,29.9653366445981,30.0720993087151,31.0298296745661,32.9641513670997,33.3595206569989,32.9563796944933,33.4939665810056,32.9428713616236,33.9999897019109,35.3684021617398,35.9194273319262,35.9325599284536,36.3097258545923,35.6016835411381,36.5544903682179,37.165439677421,37.3279385740311,39.2445581758588,39.3712402126795,38.537073754077,38.1696699853699,37.5879017175931,38.1387863032813,40.4471870573956,40.9386575848554,39.7296045420891,40.4019625505438,38.4097071751429,38.5297348498689,38.9138292120246,38.5581293911525,39.2792920691995,39.2987174618016,38.9579590908027,39.1044371175322,38.2949226616739,38.1566543866232,38.2928270325655,37.6497854994941,35.8525006093415,35.515739210322,34.0827795303401,32.1487259038087,32.3151098102889,30.9630375942299,32.5732345667213,33.6398141225197,33.5501306448992,33.9651768706893,32.9171952356035,32.7593534948615,33.8535906042461,34.2268095169452,34.0213327536428,32.8389042773129,33.7156991877319,33.8171259990796,34.0698702145084,33.2890289436888,33.4837949644987,33.4975284347909,34.6700735781658,34.5213174046429,35.9707376896522,34.3085475122038,33.9992767922888,33.8849674640498,34.1646317892775,36.0971710976262,35.167210003336,36.3673651690269,36.80023429276,35.5139211648558,36.7551473357243,36.475278680325,36.3947738463161,36.0348773206928,36.5507760133839,35.8308925292405,34.9362124512013,35.2983231264002,34.8130457786461,34.4853971350672,34.0185070704386,33.7503918644744,32.7409987579749,33.5627359754262,33.7053615870773,32.6207332628384,33.9277490636363,34.7629881721968,34.4898334269371,34.6809812724945,34.1564661894387,33.9621222288878,33.9003842477765,34.2569249979911,34.214844461264,34.9819234603039,36.5374782555828,36.270943593564,36.8526877805368,37.7248994035227,37.9762875463893,37.8688443604705,38.2548968515608,37.4447768560035,36.0079070903909,36.2560851806549,37.1168066035158,36.9795561583779,35.8904385017167,34.7250906023697,33.8691686490781,34.119983880286,33.4069424744881,35.0033825451385,34.4460494160149,34.4754798842017,33.9142748631923,34.0673371280576,32.4312522017462,31.2321802680592,31.737112375651,32.4179398643902,33.5869471632935,32.6122036460052,33.5216868283401,34.0126359326365,33.1166352366156,32.6348469261888,31.8672175836654,31.0129784406745,31.532668873372,31.5112194287571,33.0575127006102,33.6711581178596,33.7943515655531,33.275697053868,32.5049839986519,31.0332702162648,31.9811213593743,30.3470788034924,30.1415436794947,31.8051522503226,31.7667596535008,32.7765153055619,32.9077913855681,31.8868624235413,31.3062265234363,31.2047491546441,32.909663978766,32.5780626393592,33.3923981938226,34.6792941655566,35.1470801538522,34.7530527178875,33.5200525645155,34.4649072845792,35.4886786320628,35.0284524381382,34.6690679665307,33.6214910178806,34.1032099871057,34.87806368987,35.1775802326843,34.882157983335
30.3366606399598,30.316983488039,29.6177631553727,28.3920732169294,27.4885220569626,26.2966071100703,26.8071830888768,27.1330034753139,27.8391610592457,27.6357868651776,28.6711470884373,27.3721155687107,27.3502269748201,29.0035789204615,27.5557369111176,29.3973608650782,29.4328507838369,28.5977451617969,29.4794236519062,29.8032551143458,29.5618791797881,28.9450004701436,28.6055940351085,27.5627645254741,27.86654789479,28.8102153800734,27.4762764466125,27.8451823540364,28.2648327621249,27.7853573327025,28.4556984796253,28.9354590300773,29.5070572445741,30.4225681148089,30.9474402379567,31.6079982884531,32.1278211904181,33.8161790751699,32.3785694537651,34.0510135128845,35.4647241061344,35.4293019880336,35.2386253446307,36.1712028395099,36.5472989829792,36.8263133386588,36.3930390546799,36.6292390274996,37.6874334201491,38.2859402916833,38.8767793958752,38.3229187927297,37.5364112214462,38.698942554796,38.6473888322925,38.8597271640665,38.9552846504575,40.1780198801888,39.1540090427081,38.4049234135629,38.5234711919456,37.6090406467153,38.1013703739455,38.3867431503681,38.1388409442649,39.6619767435359,39.4258561094566,39.2187203176961,37.796721987204,37.4169930517382,37.897588835035,37.3659549205923,37.2220203668161,36.5529761248937,33.4673688486692,32.216216335265,32.2727925081474,31.1382113798942,32.2992979547729,32.692982203989,34.0116009276467,34.0704181385573,33.3571235576532,32.557397216055,33.3423218327362,33.1850606498986,33.3459681565561,33.4366921684738,33.7225862653194,34.103684970857,33.2410928824668,33.4438901006819,33.6301461388042,34.9238598770623,35.1093355484565,35.6931605153699,34.7495823218837,34.5830703038138,33.5972544065219,34.0170139415105,34.296834591709,35.1904711474464,35.4640194558401,35.4924410302658,35.6258886091244,35.2883129584353,35.882399685755,36.7175089519207,35.7993428059299,34.3337450258648,34.8758815391313,33.7593922429968,33.7279278386113,33.3764130336761,33.1445227250896,34.0473566857216,33.7636127832092,32.5191206028656,34.1538939718337,34.4907965085295,33.7117952739364,32.0485907669281,31.9861677194753,33.4320936395335,33.4263763457633,33.0713291703431,32.3190354867621,32.1057174745267,33.9180487982669,33.9044591052816,33.068350097246,34.2557022994534,34.9729188942157,35.5008125730778,37.3056306433406,37.758796409885,37.6436941828008,38.0565956406331,38.0663354878326,37.2009086364363,36.295912111527,36.0730656592544,36.0683851362678,36.3917816473925,35.0000545897048,33.5525877217357,34.6155292093274,33.6751581467551,33.073757492811,32.8156803045584,34.2002159997471,35.3195909349169,34.5208348851284,32.8524692248753,31.0577876871369,33.0267050610432,32.2960622459269,32.3167740477726,32.1762748700648,32.0540061416227,32.5576128339347,32.7731706158663,32.2797870221464,32.5124632404454,32.1314675657971,31.2983382492451,32.3353232969236,32.5004851227892,33.2059163733223,33.2703627184442,33.0248994586151,34.0150710757815,33.3276454148271,31.3008626994873,31.5828889007674,30.1992055655337,29.590091046384,30.3837824902906,30.5064681658402,32.0271893419988,32.6699412833183,32.2158112403099,32.0781960386529,31.805478223389,32.166229111404,31.8617365674966,32.8588573066422,33.5669141936035,34.3727236119954,34.3125638996082,33.4996223492993,33.1587543455048,33.7631068632013,34.3606401275202,33.3340409239716,33.7052848477687,34.5288858498997,35.2544681453319,35.2501101020223,34.6973874695544
29.6268035833345,29.4739867655629,28.6478488208884,28.6687322687935,28.0524560274546,27.118141407957,26.7476125790699,28.3115629349758,28.3500272168573,27.3127771906407,27.0365543646534,26.5656211694665,26.6293424396056,27.7355415179457,28.4829696881735,28.4309059038543,29.4959594457994,29.8125963591135,31.8531699234327,30.4817777445737,29.825373664111,30.2216968318591,28.4974856649318,28.0082648279851,27.9720095722446,28.1746965564445,28.0670381025177,27.3424589277311,27.3480395479205,28.0479593388066,29.3945121669081,28.8693497608404,29.1982862190209,30.9513450906487,32.1805083624299,32.1345122939831,32.2079456354251,31.9249662308824,34.1994980995597,35.6231267880094,35.9293412677947,36.4302059585876,35.4676040308265,37.0090656708299,36.4468296741713,36.0974029299246,35.7943754399035,36.4811939041023,36.6506345284806,37.109553891941,36.9775289991636,36.8125492964739,37.9693234581224,37.5806441373601,38.1721529903625,37.4073523134007,37.6632057524053,39.8093842330166,39.2813490882358,38.8071384531028,38.0740537457615,37.7098461953042,37.5866842193911,38.6143348636716,38.0595703116715,38.6661644140973,38.4121242349877,38.8918187604219,37.8381089382367,36.2270100510194,36.3299346805001,36.3004848017149,37.435455892042,35.4673136521856,32.9143727886219,32.5036123352238,32.4777395259471,32.3181185221858,31.7895093235179,33.9219090544368,34.0670878034068,34.4561806031356,33.5414983140863,33.4425758438771,33.9892119328051,33.6317073758087,33.4944449290243,33.6149581685403,33.1348356307614,34.7488078950513,33.2071291285623,35.2364315885701,34.0356733349221,33.0672121568629,33.6457454682824,34.0140970101122,34.4727018219752,34.7366512118294,35.2321227645278,34.1959765684688,35.1029936120331,35.2265091582751,34.9846596587503,34.2909536506661,33.8123829670715,35.2343281706052,34.4899303584979,35.3329974446791,35.5806951004245,34.6578048638505,33.2153466117395,32.8125848880573,33.0974019615495,32.8158521873825,32.1207125810436,32.7776917524948,32.8548372958581,31.2883763465912,31.6887677475848,33.0515913679239,32.9239995775707,32.214565790348,32.6336220366606,32.6769860185839,32.8247602081464,31.8341056468947,31.6635752133755,33.4751481092647,33.0622854050918,33.1280617073427,33.871648186914,34.3834657595916,34.5592893805572,36.4492284458788,37.4784129332919,36.6910362332813,37.9405234207096,38.1148269859153,37.9392467015165,37.0833768055649,37.1356899883906,35.3530447029691,36.2727022260536,35.8306003502413,34.5307392155077,32.68389022319,33.5885454399261,32.1942546353079,31.5724334504961,32.7830971687226,34.2935273446177,35.3949082370459,34.304417109729,34.3379637354713,32.6908068482815,30.7376301231789,30.9076184948829,31.4202784212981,32.6006066260767,31.6455815118039,31.1050958862289,31.0719607055056,31.6407180067669,32.68632873314,33.3196123422306,31.8363653686473,31.7815404678609,30.9683641358457,32.6597975471017,33.4845617250233,33.5743271008585,33.6071926841304,32.355890288063,32.0138846628871,32.6666291590822,31.7469164925198,30.4374491433088,31.7754071845159,31.2765058992524,31.8888396149507,32.7815156062,33.1185541154051,32.5333226200111,32.7413383429871,33.7346650973389,32.8074974991275,33.5217308756696,33.1471298824384,33.9218647789806,34.8185475454055,34.3339076167221,34.0253907631723,34.1877218953789,34.4672370020965,33.1420027343972,33.2621660783789,34.3072328734825,35.0800425381545,35.9310338627594,34.2715485971919
29.9743613703231,28.6989971238318,28.3154017714876,28.533910019918,28.6678467199824,28.7059796826166,27.8799097123616,28.4426190176207,28.9242525226031,27.5144632880035,26.9333135836438,25.1026363557556,26.0157909172772,27.6905688436355,28.7479159974341,29.3239233016826,29.2128924670898,29.5875631387255,31.6210243147726,31.4633456682907,30.5725595496294,29.941824114557,28.7800430078901,29.3857737141031,29.4814940883587,28.0578966069449,28.3245217770461,28.4336232794763,28.6257414671779,27.1897606815127,26.24434713944,27.1307194851525,29.093559762686,30.7128126732381,30.9028246758998,31.187520888606,31.6045591197101,31.6128418715976,33.7747827564981,34.9292231920184,36.4892120175316,35.4812034066351,34.4369173176009,35.1713853112262,36.0679802735505,35.4415516850461,35.1262050044468,35.57909541293,36.0614210213602,36.2881829077294,37.2425116994606,37.8823623905672,37.5042428969727,36.6172814229519,37.2917734751534,38.496191436276,39.1271454801032,38.989844550996,39.068261312055,37.15544459731,37.8091509801818,37.7399359648498,38.6156158045606,38.5529782284074,36.6436207133133,37.0627832165367,37.7263599991944,37.3152158828709,38.3978488273307,37.0464273709228,36.9721106556697,36.1525033055315,35.9189572984678,36.0129423144082,33.0353858160429,33.890827911938,32.2029406364835,33.0931357133747,33.6464182652131,34.2749196449593,34.4776074708327,35.1366913619161,33.4544825303059,33.4505129453463,33.8700191542177,33.1058243175143,33.5032118591526,33.219825485581,33.3086443188856,33.7052824415917,35.4320232676712,33.8730333687901,33.6112702771187,31.9665128578467,33.3123256540962,33.7045430399419,34.5505278375345,35.1806244955665,35.4299160616691,34.3493178391121,33.30897257598,33.2691082996066,32.6138656415426,33.2064830917951,33.6410405101225,33.2877832952563,34.0762759300197,33.6743908795698,34.148403525586,32.4089586869826,32.4703749943375,32.2677019579548,32.4193842080491,33.0747314748515,32.7920115169991,33.249970353711,31.9142158791617,31.6165984093209,31.0573440915885,32.2285584064474,31.8317676064832,31.2077997542628,31.5041731358704,32.5226142379016,32.0383913865155,31.7743064135951,32.2347765808308,32.019937126522,32.9280922941577,33.9799346978541,33.8453740685491,33.6715837695838,35.3874891757573,36.2548836332564,36.3494637802291,37.6202121199664,37.4634832468606,37.7505046712967,37.232742659815,37.2960872182023,35.7024679451219,36.6022219815497,36.0957953627607,35.4117862076168,33.6594601944228,32.4676167408611,32.1490849488279,31.056854989675,31.7672768453212,32.2570095762126,34.7583031331961,35.8512219021876,35.4928213532628,34.4179659818154,33.3361954354994,30.2829632889622,30.7919351771732,31.5384536285819,32.4192202343582,31.6750516144418,32.1017761773295,31.7508923984999,31.5116225266129,31.6913085974122,31.8011857932295,31.4609766698079,30.3585121740386,31.2265781302923,31.758398298299,32.8351179206276,31.9443953262011,30.6171536642315,30.9861816281881,31.5868036151299,32.4471094569565,33.1613474819256,32.0205189852897,31.6067656355634,32.039439377665,33.4415414243642,31.9375826105711,32.6770090203209,32.3970123310081,32.5915222116763,33.1313906078707,33.3154675340623,33.1680513370095,33.5017498219561,33.306257433372,33.0870626659282,34.0098231222865,33.8026894358971,33.9203088175798,33.4479800004356,34.3620215657381,33.6853680722297,34.4275061546242,33.4760530519881,34.7088526256145,33.8103170226855
28.472990948944,28.224013404062,28.5385367124393,28.3681692659373,28.4144836620242,28.9733297129679,28.1549009088055,28.6250970297497,28.557962529084,27.9273320488652,27.6786342277223,26.8065876764262,25.9191225523432,27.4113595726808,27.6158171455753,27.8751117374004,27.5922484369196,28.4486555186614,30.3684997705317,30.5814812408644,29.2683645576867,28.6159466578217,29.1440052436975,29.5551233513785,28.6238462863885,28.5222397143651,29.1718122073403,29.9132479042319,29.0729699137929,28.1280679298175,27.4325108243323,27.1943301515404,28.1201227206208,30.4750070888314,30.8860548261204,31.1228162403362,31.4442970717326,31.6869515715661,33.1114957998649,35.4474680414843,36.4375071930584,35.5291355876569,33.9448289190686,34.7333291198192,35.715319224865,35.5864430982555,35.6925741339743,35.4041051099813,35.6932459147561,36.1014505946381,35.5620831764712,36.9067943240155,37.9395312555105,36.4818776696221,37.4110085189505,37.9014077619894,37.9573848733476,39.2866539900153,38.5613915218382,37.8960360449007,38.2602131865876,37.1969870311371,36.9956667300544,37.9240998037395,37.3305528828831,37.5456920048074,37.7488345705019,37.8982324540662,37.0373122737477,36.2288454074335,36.2657425899063,35.5770884339475,35.7983993986622,35.2757924057533,34.7070664466625,34.0559158599064,34.4638650666736,34.4521571466283,34.289810284998,35.3720489795798,35.5981224525506,36.3593889815717,35.5770068354932,34.7580547183305,34.283152687669,33.0598971687882,32.8214115882363,33.2872423513216,32.980475667092,33.7427807188747,34.243379899779,32.6199686520583,33.6125337094063,33.097336922567,32.9223029562274,33.4530698427925,34.2852530869292,33.7641697816922,34.0926005507481,33.229301255004,32.371870259435,32.6179072990024,31.5124197415016,32.534601568528,32.844496642277,33.7743033324948,33.8635406239035,33.3176973149205,32.2857323910923,32.4091330675176,32.5518359093793,31.5987447875018,31.2714606458239,31.8710263917352,31.9201208946691,31.512532828575,31.1774491692909,31.5083495606252,30.6981963160094,29.205869299207,29.5918111796512,30.0214945983835,30.7501555146655,31.9174439965601,32.5652960325482,32.6725553438375,32.7556580059359,32.9151318389422,33.8660155018474,34.0086627869555,34.2017601762521,34.1035379231175,34.4290810004818,35.7437666505439,36.0662310374799,37.7447225864994,37.223411657057,37.1887426328332,37.2701028215735,35.9781699379234,35.6754909315221,35.9956496022516,36.5377226925262,35.5972440938944,33.7530285595609,32.6372667266556,32.0607217708749,32.0476810216995,32.3272282796652,33.4859750148233,33.4870739669338,35.760193940774,35.7738673230844,35.1096116702369,32.7821733901218,32.0762203271573,32.2426984039949,31.9099353896932,32.1074187205146,32.2172613754952,33.4495840641762,32.766556337706,30.7506314101306,31.2689012651931,32.429818050781,31.3883869962745,31.5351319512483,31.0751484852023,30.7554638285006,31.9201442111807,31.0964929875804,30.2519325223904,30.0419952616644,30.7944391621531,32.2793209062291,32.7542626022432,33.5946524074405,33.1255702544356,31.9004306905993,31.6085802621088,30.9053724031712,30.6102655292603,31.050146012686,32.7090543750126,33.4620925162357,34.0972321294952,33.7324545951411,32.4031019414449,33.5641927543236,33.829905937376,33.7793044472862,35.1290931800658,34.2726327842864,33.1800441015088,33.777327967082,34.7668026919505,34.1413482752941,34.1063862627545,34.7479730675941,34.4558719888842
28.8211174043748,28.9480823188069,28.4032904258561,27.5310209182747,27.4590712949618,28.1088031222587,27.3653442031455,27.4941380906159,27.7457790703925,26.533539445639,27.2772375427612,27.4628674145858,27.580189033724,26.9109763171746,27.3764498968566,28.3451321289922,28.4922929744272,29.0526158225201,29.3372501361888,29.2928864403112,29.5717124968935,28.8102529513583,30.213915837877,29.9274196472178,29.3676720484368,29.8336337107159,29.2504512297501,29.4607802144912,28.7163842338825,29.3322625414039,28.8601615031688,28.8652216009787,28.1914936894644,29.8538026403438,30.8076845790552,32.0842244749349,31.981181162923,31.9648112278506,33.4264012787804,36.0145712388237,36.0249030550561,35.3636923776372,34.4265727095146,34.9087638024363,34.2929508904835,34.2844707984072,35.890910341457,35.0941578604807,35.5076899438083,35.0970967016951,35.7190050668892,36.3204219861905,37.0779259351297,37.2941684764283,38.0564802108374,37.7555167034925,38.0897640468771,38.3484539854835,36.7420612310705,37.1106664497026,36.5283787250331,36.5180064528918,37.3984030496255,39.4206753319725,38.4626031740675,38.1012974620541,38.3684557868376,38.2394661553245,37.2076710239832,37.3132399225565,36.0537094882004,35.117226741463,35.2863544040669,35.5705074437893,34.844984696366,34.5492772297537,34.1550526300905,34.3975610707874,33.7355364253397,34.9686116965992,35.6409531727528,35.8176856774647,36.1089269057163,34.2083773599065,33.3723907223659,33.2512366052142,32.7037980478503,33.5399588672527,32.6405658666737,32.6960022460541,33.0343388047181,32.1878343120284,31.3915380749613,31.4096456133774,32.7941083342334,33.4073833439958,32.6706230228212,33.1463312749201,33.3449630085274,33.1256513050498,32.1552996258435,30.7206531816964,31.6378390548363,32.4196969009168,33.3723823465208,33.2206987304015,33.4178986859738,32.0522086059361,31.997157207517,31.7494332415778,32.0916807019038,31.8303079225132,32.2641332538769,32.0949134957476,31.5845603933394,30.6446733838103,31.0789129791071,30.4028342163884,29.6425892795472,29.9092163844353,29.3280136377822,29.965980377815,31.5217657448395,32.5727163324119,32.1096281245305,31.7872391828528,32.7080329116832,32.8451442535536,33.1031511220146,33.0084614145598,34.6683305988806,35.2993750679376,35.934682856459,35.0794359071824,37.2790110677978,38.0209367862101,37.1824319526954,37.4006090800793,36.7101961435945,36.9127355260574,35.7134356063853,35.9393441084759,35.6649651100646,34.728510040643,33.9016033565934,32.2407938149708,31.8234507181417,31.5678227621845,32.4537405125754,32.2450870416997,33.4846854189445,35.4929609139469,35.3201306167541,34.0889068301247,33.8152622634805,34.2909405030386,33.2673542584297,32.6955139161233,32.4509614394212,33.0289237409257,33.3776226310568,32.4627994983087,31.0120331481536,30.1700405740013,31.2306436976871,30.9571481874011,31.3420100096504,30.5193058388076,30.118019685553,31.1990465806166,30.8701283247442,30.2605461196156,29.885448070284,30.8285015307335,32.524607861455,33.0497275520921,33.8074160986961,33.8565802807783,33.5149716450463,33.4462115475007,31.0729545812786,31.0035647654405,29.9835133184044,32.319974468867,34.0732214309197,34.3383039307938,33.2977243072253,32.8919012034418,32.8212013118314,34.6166119398235,33.7826839409921,33.114630917447,33.1400055635415,33.0693913374009,33.0260452048866,32.9804099150461,35.2651363545284,35.2642863920942,35.7248322445999,33.6994215723321
27.4807742755573,28.148291607307,27.6073844547607,26.392543594823,26.7551369393948,27.2042738408243,27.1688950406444,26.2000852347883,26.1593808327102,27.3024305310601,27.0640992514015,28.4771265785596,28.3179895005584,27.8859906369521,27.731210649804,29.1587095620298,28.1141853868178,28.4098164240201,30.2268969078535,28.8757160427222,29.0198522349245,28.5179749806179,29.7076794930383,29.1840480763237,29.8195407181532,29.2053574123601,28.9850321344538,29.4847315882229,28.8754333732492,29.989385177716,30.1816459703562,30.3963516865406,30.5239738788418,31.412375945144,32.1490190451819,31.6438900182719,32.0185507620784,33.3486981325878,33.4009365658601,33.8709570897074,33.9564809245992,34.4709447082789,34.4561929168084,34.6356221666249,35.3010123322415,34.5943440736625,35.5264044785016,35.7990135665478,35.5237684016083,35.6183389416138,35.7707651432909,36.3442618671966,36.4871489115162,36.7338743464992,37.1374869041587,37.3625917487172,38.6752972929017,38.846409616943,37.8000752793563,36.4539540011521,36.7594489542857,36.3246225209659,37.1200317142939,38.2513545885271,39.2027758010277,36.9436526802427,37.531877004926,38.4869268048756,38.3118985221929,36.9431860586144,36.2811621470978,35.9119342824846,36.0917212229312,35.360689265323,35.5561544066413,34.4793180391851,35.458053142302,35.367472977803,34.2330240622055,34.727128621638,35.2177928808921,35.846857316372,35.0954584354958,34.6549529785169,33.6755418803077,33.5432497418647,33.799071102597,33.4435061480841,32.69608115664,33.2240326408241,31.7617636787092,31.0325799318891,31.302048276798,31.1114694603727,32.2785058608579,33.5745324768891,33.0786464046664,32.7426283870306,33.8292169657981,32.5793358079042,31.8813220727866,31.322532530375,32.3021968927443,32.2885301431943,33.2057129687948,33.5705076099437,32.8671415267453,32.7957595607364,31.0333723799665,30.7721779373222,31.1368407904155,31.9408123913715,32.3155545684954,31.8295961889698,32.3617588489348,32.0265121099958,31.0185038788761,30.8752742518555,29.0641340187127,30.1719455526706,29.7548247714616,29.7486888776437,30.3121162163488,31.1322792671407,31.1144949197457,31.5520392966251,32.3791864156685,31.5763754469971,31.6771972681515,31.6328357903394,33.563517555889,34.3905430573488,36.3018198375501,35.4477282435932,36.7862142587349,38.2923621230867,38.0893889425496,37.1211996632245,37.2206080061599,37.4526373759752,37.3013603132325,35.4566885061966,35.8217568981883,33.6524687942286,32.8509553802134,31.6918952259301,33.3947213844616,32.5449844749111,31.8097424480024,32.7518617305596,33.4971290300299,35.2598257638402,35.3022875472686,36.0217836449797,35.2230349192935,33.8675567895371,33.6938556136134,33.412301015612,33.5655881501665,32.3527238892875,33.2648266978278,33.098344624313,30.6150910001113,30.4133423427215,30.5550111354569,30.8763237979669,31.1194620121442,30.5858005947963,30.6213030348231,30.2332814858738,30.7729407330826,30.6332572770827,30.9971619807045,32.0072749150672,33.78090232972,33.9939647904664,34.2642031428491,33.0773249971702,32.650835773686,32.1200909977346,31.3539618463272,30.9425749062162,30.5633193887089,32.7713302346544,34.5400419948619,34.7201507159484,34.0050318809083,33.5602464960246,33.5098670530568,33.9869640735697,33.2835056464684,32.242246415896,31.973355172099,31.9671333035388,33.1171166537553,33.6463567486491,35.1671498954681,35.4090281463702,35.84989290556,34.133739604613
26.7809909120707,27.0214666255765,27.5106590892049,26.2432715711324,26.6188302524239,26.5255423993874,27.069731277015,27.0385820245682,27.0753094652534,27.5699089744733,28.5317220465422,28.8070241573288,28.8768834264261,29.5196823768929,29.0368197222783,28.4145791062265,29.306372349575,28.0719554394992,28.8983955916277,29.4787538081148,28.7092729835282,28.9654059465541,28.5489565125698,29.0751051318284,28.321584290199,30.0369820103863,29.5567398589654,29.7199756142215,29.9634712556688,29.3674804390688,31.0688199597633,31.36392186601,32.2555392364724,32.8204439991839,32.159189971698,32.2589003039794,32.0617960287081,31.6438944055633,31.6593772860849,33.2184686541338,32.0875863086344,34.8379497445556,34.6217794490668,34.6440697997875,34.2675273901471,34.3726207553521,34.8950614286248,34.9479219958845,34.7191503534976,35.5909726638769,35.8387842804774,35.5833994907143,36.4123276084134,38.1020023826216,36.9480291643096,37.8948847514826,38.8897853336882,39.2641635299817,38.6977458212778,37.1123865581048,35.9550390058907,36.1119512686281,36.5764127374663,37.3928047885246,37.0104570152801,37.9978773732187,37.963141563114,38.7334108161563,38.0930816349106,36.3349697335094,36.3262215574604,35.7119021880729,35.1742631495449,34.8529506181685,35.0585935413104,33.5750334409448,34.4260845172505,36.2629260429189,35.7603539300583,34.7497418057523,34.1088138058933,34.0298527512868,32.7061912696091,32.9758357234388,32.5581224389624,32.9823066957855,34.2022117683986,33.5503273165201,31.3576118412967,31.3720968656856,31.4548252924977,30.7848276946581,32.0242741259757,32.4775301021166,33.678579679552,33.6121058184398,33.9281779448413,33.8292804909877,33.6366189887747,32.7247715228074,31.7160057698198,30.8160138395811,30.5925267217144,31.6504030433179,32.7524990266973,33.4293567442862,33.6668478571923,32.70359636605,30.0845922140841,29.8891070450563,30.5393463187634,31.6966530908302,31.6235251782835,31.4733271957629,30.6119336609299,30.5956632889051,31.2007138517062,31.4124961290901,31.0909340992097,30.6609247585669,31.3236549263893,28.9759595667281,29.8254763542742,30.3018060796968,31.0358982990854,31.8457199949396,31.7020717128487,31.1938336610374,31.2800139174377,31.497041707085,33.6485343020293,34.5153304170892,36.9139733683079,36.0238497102152,36.7915732021377,38.3001241063768,38.5820723663103,37.2848899801111,36.5653506889929,37.5622289233967,36.6624372400884,36.581623188388,35.7318842908203,34.2574626558783,33.9431997674617,33.635929166639,34.4319378095717,32.3443513400342,33.2293347020154,33.9115403869666,34.8553814249826,34.9967536808541,35.5713817168542,35.9438024363114,36.2780542069889,35.2394855425581,34.6343149219216,35.1797500748693,34.9166540269161,34.6226935311259,34.3487231371979,33.4044131051476,31.7873295855871,30.5230905030021,30.2437025145921,30.1206249076764,30.2231242860748,30.6940522094537,30.8539038054736,31.5085390808509,30.592171965724,30.9210172674589,30.786702369909,33.7977213290559,34.9964806026004,33.8788678661143,34.4418159229843,33.9129028238548,33.0237688612475,31.0471003828929,32.0387221244197,31.4964722879806,31.6848558772468,32.6217423261548,33.2607939367144,34.1795821658369,33.0421708897436,33.1054857046746,33.2741001332369,33.1981879506016,33.8035203975515,32.9320388246692,31.4920025699793,32.4980253284965,33.0139994143533,34.1698573395771,33.9884847914622,34.5242445386722,35.5533122716844,35.563521691643
26.7736780263069,27.669804736328,26.4876742770226,26.865270866527,26.2318722172817,26.574575411948,26.3351114214691,26.0099805638469,27.233188681867,27.9176490570752,28.3863450182043,29.0711886691043,29.3824046917732,29.8397757891784,30.0619175833922,29.0669924372635,29.4813752145279,28.8082290469423,29.6771897035648,29.327813143154,30.680963741339,29.8586303023489,28.8564484164902,28.3408305352993,29.4077144999874,28.8225452378691,29.641095641796,30.09965299638,30.0023660961863,31.6341734602772,31.2934429201125,30.8039251682364,32.1025319943303,31.8709318777615,32.2019555901815,32.8529006620178,33.499267741377,31.7494745519584,33.3198515771546,33.859042142592,33.8517736730852,33.8156468329396,34.0120477695937,34.1956155142924,35.1910657333737,35.0398220247688,34.8210707864563,35.4682317570888,36.042127430904,36.4131651593378,35.825340783103,36.4496443327785,36.8577837096727,37.6934330917178,38.6101264007464,37.5039442668224,38.3619919812236,39.0995468283245,37.2627526730368,37.296368792074,36.4603868366129,36.0381929131551,35.8237493335107,36.5933436549523,37.1335817060537,37.1498623964042,36.4561050255605,37.393869082018,37.4982685814188,37.8701978307515,37.8068446497242,36.2529627691356,36.516788997003,35.0612907404762,33.8558256198885,34.051965811359,33.8461094490227,35.660430100236,35.0392756458792,34.3335780158211,34.7232243583404,34.9647345728698,33.2189873336911,33.1575382993426,32.5372506962609,32.5078817470791,33.6414783035688,34.7370872920615,32.3201459739221,32.1741443957408,31.3442251803218,31.610546327548,33.2389447238094,32.778838847128,32.497602836531,34.4726223358774,35.0713171292323,32.7259892649062,32.4953677131908,31.7490225672068,32.2018286664893,30.8429403555482,30.0258539677751,30.2485207678207,32.2120275268736,32.0577445486556,31.2588036115797,30.7821076498142,31.5425815460693,30.4657405604447,30.424776948336,31.9115359228268,30.9624219657413,30.0558235119134,30.9753333889356,30.751346994191,30.743251877747,30.755523567514,31.4000638739272,30.5935953525096,31.0003948408341,29.6996195559825,28.9049529605246,29.5010331616621,30.0687861195831,29.5348481299684,30.6923304976314,31.3253272573511,32.1548757582058,32.4423562847658,32.8456446830793,33.9534678486432,35.2752665872758,36.9071585437417,37.1565744720913,36.2823966636888,36.963335250957,37.0041351567948,36.2079733995822,37.4422041107254,37.09235624093,36.1233022542209,35.9382883019492,33.5571849427645,33.7330636931066,33.2270251135296,34.0118591077267,33.3127829903329,33.652632940676,34.6560232701398,34.7808409833923,34.8394311406707,35.2459063334093,36.0725930508882,35.5862818071014,35.2275169525707,34.2293848213753,33.7816438303517,36.0692225004863,34.7574626264045,34.4404748746071,32.4696631550991,31.084004875583,29.9224836225719,30.5738861239515,30.0967944328429,29.9114420323011,31.1838044138523,31.4963885066618,32.1794033402251,30.7291530895582,31.364478999959,31.8214796326619,34.2072180330195,34.3798467599573,34.4525532313047,33.6644216052298,32.949999556433,33.4857454761956,32.5603139112565,32.0003519709905,32.3740629919163,31.962785503086,32.1055515775488,33.5153063392701,34.0890473318481,33.738427901806,34.2364854617361,34.0838231279096,34.325446494393,34.7108380556603,34.5535168178654,32.8676564733642,33.1121947387788,33.0156598237906,35.1109107414771,34.6431390136765,35.1682985067469,35.5281598260762,35.7120099502776
27.4171041486584,28.4471660408254,26.1344933529119,25.9096092847453,26.9317187854727,25.1484841992788,25.5499629605235,25.8600879744201,27.1449225052396,26.7250061413439,29.0818252229189,28.8535889048681,30.146400150602,30.0128406869033,30.0479299112184,30.0262217655214,29.6822780535081,31.59671096323,30.7610573682005,30.1533755320349,29.9681522260618,30.2288134581349,29.7969550738546,29.9271062059927,29.2405550445603,29.4799818029635,30.9519404595342,30.52962278923,31.1903112709046,31.3538762488253,30.8228863362138,31.5788260064696,31.4241753077427,32.5706320633852,32.3830407814019,33.0417854331893,33.380740632745,33.5248700852901,33.6983986642143,33.3631750209277,32.5902265096161,33.6324577549445,33.4047238573452,34.6528319496824,35.3247553025253,36.3868031907261,36.4537562233492,36.3026923430293,36.0215166634397,36.2838143519877,36.2648120342782,36.1402749236686,36.7713362863152,37.7841255621381,37.9254912145109,37.9049518162493,37.2883079787086,37.9555216621861,37.3046707124458,37.065601909944,37.2096181329894,36.9635902338864,35.5793451069946,37.2056626811831,36.4819560384071,36.1423696869922,37.3552264521529,38.1468777089046,38.5310917683603,38.177190807647,38.1081274784939,36.6159920389025,36.8229420243277,36.1231735627813,34.4899354624702,34.7875189136165,34.3386439125326,34.5767868481508,34.9152815319435,35.1166947032223,35.2939252701235,34.7909478620948,34.8847637760761,33.0699417458674,32.7474725227883,32.3446573809414,32.000508281346,32.1698788707605,33.5145656081389,31.9742494650685,30.4807924163697,31.8907503779428,32.2220139791786,31.7343739757935,32.2528355064874,32.9333104056443,32.795064797633,32.165289386024,32.5740936657777,30.9544586159629,30.5994330288069,30.8870935220271,30.6078898436048,31.9221131256454,31.4681614828515,31.6339522122263,31.0297425831811,31.2938121498199,30.7945096820202,30.2712147402673,30.2597225518099,30.0651444482511,29.7727743405832,31.3273407984881,30.9261386023075,30.5293863900796,29.0531682749873,30.2174257705913,30.5345353077781,30.7309926648096,29.5065982160929,29.554979069108,29.279411100761,29.6557109928973,30.7612722762171,30.7012326442358,30.0064863143937,30.9629427520048,31.84572947588,31.9323203194911,32.3348546925976,33.5817163704254,34.9601152078731,34.8135704694552,35.673469133182,35.7358819768518,35.8128203418461,37.3259677548531,36.5061030440964,36.7928725681412,36.863352518097,36.5443324523221,34.4928367541048,34.4265096395668,33.9905888229587,32.9023785984366,33.8538543005804,33.8054057455397,33.9220363496784,33.3262368654177,34.0634904532898,34.4767411472723,34.6690710550977,35.1227848614196,34.9952377213513,35.9417942869167,35.2897103761721,35.1939681607037,36.0613438533522,35.4334566373919,34.1383520483254,32.9488450831886,31.2454802382118,30.4955538058534,28.3144216404592,29.0368171838513,29.1291441454738,30.5030016604764,32.2450059180878,31.4877571717169,32.0673049388321,31.8827221008752,31.8369289153978,34.5082476868278,34.330229181003,33.5577120624778,34.169619712376,31.7472787442818,32.9075020741006,33.2704557680868,31.6922846193605,32.0481846087249,33.1016559253963,33.1689849896717,33.3274144101133,32.9927914033005,34.2076711245101,34.841146880248,35.3821016683131,34.5265396223987,35.0229883225764,35.5220176709632,34.1978952934747,33.3641576716691,34.9610555077884,34.6953305715275,35.2525862160388,36.3364522415437,36.2013982370042,36.1113173930639
26.680524883632,27.9549243995252,27.4014088878789,26.9898408836407,27.2916618085604,26.0636536694845,26.0768889143774,26.2430837168505,26.2498854950221,28.4335256464223,28.6189129803608,28.534928086049,30.2007943300688,29.7646160395884,30.9802167146146,31.6805841428799,31.2593919270524,30.1786125970967,30.1781924692316,30.1297149024911,30.2388876705609,30.0391872116986,30.2102737330718,29.4215984557447,29.9077901701652,29.5963744100821,30.8337649013332,31.5146690378436,30.8641050950225,31.2451056002722,31.9037412458182,31.6048505985128,32.16704035072,33.5113221058792,33.6953347332084,34.3105730205925,33.2435956513424,33.5176986348441,34.1749450551631,33.0211921027913,33.647590115137,33.5519325399553,33.7033359157155,34.8270722148084,36.2278670360211,37.0591826593184,37.0090551874356,36.2882979517682,35.5549088586455,35.6036120531662,35.1678695954775,36.0344714059714,37.6478257455279,37.0258542861157,36.3118443355021,37.0669889976556,36.9027162458901,37.8789187225576,35.3424933063093,35.3980016311893,36.4771274152926,36.0866882336375,34.754927587916,36.1212842486325,34.8774770631463,36.4871334856127,37.2703135465532,37.6891441574023,38.0638968217754,37.4036521180493,38.2496391178415,38.0895666193433,36.4610608821026,35.8160600972007,36.18763054744,35.7820386691011,34.8623592185863,33.6735097042959,34.6733875832259,34.435521322507,35.6857461577235,34.0575245620567,32.9998365194251,31.6415404192518,32.0698935090542,32.4671222085681,31.901182111239,31.5626758038218,32.3437167748314,31.0843856707978,31.3476428847918,31.0446534438398,30.865235480189,30.4170243704635,30.1852711193552,32.030500144013,31.0468820432949,31.5305720419347,31.0250348989359,31.7467715626048,30.8469408766751,32.1153527510937,31.2124630480299,31.4689864447528,31.0617548279388,32.3109290685893,31.5752628633585,30.9782759821541,28.9608388942488,29.5316167900415,29.7868001342353,29.5862677476147,28.7921798281589,30.3649033867567,29.7043969702072,29.6528482521376,28.9369444082565,29.3039797118208,30.5945335440087,30.4443668516759,30.3077348554054,29.8207853439714,30.2218711093858,30.2633227056301,30.4673420288525,30.0369970126616,29.2865021629932,29.0769972400479,31.684225054238,32.6505678448904,33.8943521936117,33.3820504291523,34.7310907737613,35.1030977531339,34.8652111702167,36.6836071845976,36.9002834392707,36.2872323810014,35.8186799135933,36.4970132274336,36.2557340975262,36.4233171347589,35.2828305629121,34.7147595641853,33.2035425322703,32.6566287106444,33.8551579760871,34.0530983297634,33.0877248779016,33.7203989875348,33.9538072611193,33.8957759869626,33.9814243024208,35.4511349135454,35.1112640984809,34.4381699915257,33.7603662943091,35.4285148123184,35.9055138882237,35.7734062960565,34.3472633520754,32.2347035475102,31.2806648439471,29.6507620225441,29.3705562766275,29.2605702054572,29.8909075940747,29.8611263986049,29.9515804423154,29.9011012534787,29.9765820183597,31.6900368546093,31.9918731512015,33.1380827423094,33.0844224141611,33.269852804844,33.0310314731663,32.6171519211674,33.0733864430658,33.947775371181,33.4300069129749,32.6956269590075,33.2557683513898,33.7674351464081,33.0274184199878,33.3271789066234,34.4368109744181,35.5233909944391,35.1112780322913,35.2864518826678,35.1766498719201,34.2492849681133,32.6390240149533,33.3877793491919,34.9614655393252,34.2644240109545,35.4816804426259,35.5605868785667,36.037299819271,36.2780615904242
26.3144404875504,27.880819755805,26.6748232306621,26.2059981451401,28.022738469186,26.4477114523641,26.5297163647877,26.8901216776477,27.0890872470129,27.0181576653015,28.6635666085113,28.0080023322022,29.1196816606226,29.0010155856695,30.3230913477281,31.1650444336658,31.6597668514574,30.077786779568,29.8349181653347,29.5223286040342,29.4305770766111,29.3826219938604,29.6434896620961,29.2869642345435,30.5814260202912,30.9080474058075,31.5512175779482,31.2641302483598,30.7805207059952,31.2652174135131,31.1494802334398,31.6347436580987,32.615313980096,34.1454752201776,35.7837409852748,34.6190520740601,34.2978036232363,33.2215757428996,33.6784528704477,32.8835414157075,32.8499135986958,33.7063159834079,33.6969546605056,34.8159970298558,35.8081783392679,38.1144554001132,35.1079574156571,35.828948662441,35.5692393929587,35.5421233770001,36.4749930046172,37.3479938212549,37.4357070811707,37.4726442787171,37.4678315233181,36.5669675980943,36.5501893964551,36.1845622332916,35.2970563631732,34.7967097801814,35.1133772973458,35.0523566904103,35.3413356916537,34.4629806816483,34.9906441546584,35.2852214904646,36.0276947195913,35.7956967551092,36.4291454834731,38.052712265554,37.3003280998663,36.8329167841358,35.9735938331469,36.1962424045668,36.0348250524383,35.8999395808387,35.8664659788604,34.6333331598355,34.1622425825344,33.6650052643825,33.1571464800141,35.2057365991457,32.9605595790915,33.0715730696882,33.0361664084364,32.9069538668777,31.2224247980419,32.1836970404857,31.9025523375711,32.2632547200893,31.6017293445641,30.5235759914006,30.6014080174531,30.429668587268,30.3135207099862,31.2360652075648,30.3150355504432,30.7388339085328,30.8314798615453,31.1329693715106,30.1294959383062,31.4252995132041,31.4230650631138,30.4603248807445,31.3686014893973,30.9565808203213,31.0540746432927,31.1626736074152,29.1062282087099,29.4100192413628,30.4625141755764,29.467152420473,29.5486720479969,29.3525311877221,30.1000062160512,29.3398494600087,29.6223931549192,30.2303832622341,30.4651306294915,30.2679835967514,29.4012741547082,29.55704068679,29.5543235114346,30.5570750088651,29.8546182019823,29.8511850553259,28.6645457689485,29.1644622307364,31.1661588234433,32.8023714097064,33.1290396239619,34.2442858508074,34.0734761263719,34.2552706348908,35.1387123303425,36.6007857119424,36.3621060236366,36.0240067357604,35.9715554421654,35.2387830478715,35.4900802551932,34.7977265385938,35.1406646412634,34.810910821848,34.1544988802002,35.1241626615816,34.9313115506289,32.5865837483612,33.4735282745981,33.7115908750173,33.0667653579845,33.0910979061539,33.4774248739535,35.1868519215677,35.4619468362518,34.8456024532539,34.3096244184666,34.5927997394015,35.3371213871088,34.8065275639612,33.3499294630006,32.0098714447223,31.1860518468053,29.7549876589317,29.950379173087,29.0122606398167,28.9863078541445,29.4758202487027,29.9679290710523,29.1027299825261,29.1420782326238,30.6294642183048,31.6131728463314,31.7625869372054,33.0577120366681,33.4053906508318,32.8465148195505,33.5907261553296,34.4251194475505,33.7908277102415,33.4919967944702,34.3717500980979,34.0310748026274,34.2696582103876,33.6996766522201,34.2098447871531,35.3683036534399,35.9825819711108,35.8285225288827,34.7774118008893,35.2638562526144,33.3517033825988,32.3830764081448,33.736469768988,35.0047939833404,35.1683260167583,35.7762786193009,35.0077553542542,35.0053152794172,35.5748662311248
26.4743384606448,26.5953800082122,26.6054494778279,26.7285222690265,26.3119096118159,26.9585573697767,25.679309477464,26.202750896433,27.1498152890479,27.5219249710316,28.3346961934082,28.1989715686372,28.7930238228995,29.4278487811846,30.4130117263032,30.3305917583589,30.7451585896667,30.1226083539226,29.5037291315167,29.5850709164559,30.3491166638444,29.8762005352897,28.3919964708133,29.148233918363,30.7123852163906,30.8404237166592,30.7736800358638,31.4463106464765,31.4032530741739,31.2255938190214,31.1653785533295,32.1361643117588,32.2878059091884,34.7556689611604,35.2999712449001,35.2461437912387,34.7190731978035,34.1522257274036,33.0713084874698,33.1889698463496,33.4503422282534,33.7210126236086,33.8358950519266,35.0553202108797,35.9255881230583,36.9789467097052,35.8583853567582,37.0420326056074,36.0594780676801,35.7476611181923,36.8795061575575,36.5435997161208,37.5897883579719,36.9402871724908,37.8233454041974,36.4530518442697,35.6679256033657,36.6338492866744,36.7029730556585,36.2284614155728,34.8912583271104,34.3353733426989,34.1885631799873,34.4102010177016,34.7697890572823,35.7415303788302,35.4369811455066,34.8215837548106,35.9435381062444,36.265972133247,36.2559504207356,36.4253630138375,35.2605119046759,36.1457286305412,35.6612317403686,35.4517426164499,35.7213983010843,34.8223237350897,33.1670791650906,32.6398897685106,32.817988540144,34.1342889536708,34.3486477020875,33.5830624094891,32.412996983165,32.8471572681493,32.4598009286436,32.643639564163,33.2257924087838,32.6729865197418,31.5502852153622,31.303120716914,30.577865573511,30.8049668435079,30.6339410016494,29.9307472262664,29.6730323274565,30.5581838008236,30.175896483041,29.5899417396661,29.3713087545279,29.3993727872258,29.6804550289224,30.8473465448345,31.4869277784394,30.6522835637579,31.3289897663137,31.494475038705,31.2175338995033,29.7654609418132,30.951967246716,30.1112599657054,29.7461096893022,30.3141673173838,29.5850879858382,30.1900613449977,31.7055022634749,31.794458233751,31.1458397716283,30.2664626564841,30.4351643745103,29.1210218871977,30.5329638377094,30.8681469703698,31.2930617905423,29.738096797569,28.8884516196332,28.5298949141734,28.8138080262472,31.2364062140475,32.0975730618486,31.7853786287751,33.9607552994718,34.0359427572558,36.2365304395701,36.1830572238146,34.8553179305552,35.0127542238221,34.4404215606724,36.5522789328357,35.5420640421122,35.2633285935903,35.4542718202833,34.7829261406119,34.2641304647303,35.0879272621804,34.8358267756055,33.811676531312,32.8532088901558,34.2466587023385,34.6246944508344,33.3665250274969,34.0778501547654,34.9626393536795,34.2352093945398,33.2182674670798,34.3865056501782,34.3348270021939,32.8196514550359,32.3052951571399,33.1873871656843,32.2292126551277,31.278425587723,30.4109536358152,31.2229611418595,29.1749045426341,29.3342448349632,29.2468350925941,29.5761202360212,28.8233369217686,29.2096530815286,30.3459890306061,30.3524860795057,31.3581596299092,32.8374938965831,33.1197458058764,32.3366948484093,33.6974996929527,33.9382620198525,33.6883893610214,33.5403367063244,33.7427444834409,33.344193354917,33.5576236021295,33.5412803490222,35.2155318176073,36.2536256088248,35.9707731290789,34.219685841838,32.4161506237785,33.6134816199413,32.4047920250646,32.229505899296,32.4233048024923,33.2177569298035,35.0719547160938,36.5226794329737,35.4961016965993,36.9385795430492,36.2793069182098
27.8352644363045,27.4688830800982,27.2949723808636,27.0423748321471,26.5239474376931,26.370392444436,25.9386883384781,25.8214577638483,26.8291225464378,28.1857041368702,28.8529448963191,30.4272104350561,30.2640621357961,30.6245178519417,29.4608060283715,28.4797950230322,29.2919805987614,29.7268556100262,29.1277679661107,29.1755350262803,29.6535785761212,29.5764144327211,28.9761941482344,29.6195102553776,30.3334630786902,31.0555407105719,31.5794253939416,31.8847448372499,30.5755348571312,31.2129583068565,30.5482264343879,32.2561922224509,33.0150164870942,34.9934364642993,35.5329464482647,35.8682495614886,34.7710012762527,34.751018315094,32.9813175268097,33.5574265284767,32.781699191608,34.1288121269152,33.8518522318675,34.4580882302239,36.0864191506533,36.3610203206155,36.7041286597607,36.9989135437605,35.5678439344702,35.2938757380511,35.8374624233624,36.4969351579111,37.5842600204747,36.8616399740883,36.3703209387473,36.2538035482293,35.4702487323951,36.3325164730372,36.8445940684946,35.1833150946358,34.2006280973897,34.3529671343061,34.445231422822,34.2324716696673,34.6995810042186,34.447043617193,35.150450856288,34.8324954399775,35.0239748656197,35.6356857754744,36.4406091825211,36.3662674755618,34.8421580415179,35.7690135768265,35.1517479212685,35.4789480027451,35.0091668332446,35.4092505340419,32.6135683639704,32.6251667323978,33.9583508178525,34.9561920717656,35.4168015141747,33.1900244411474,33.5534328273878,33.1295295196281,32.899879241333,31.9986053451991,32.3309700426581,31.1596194524305,31.8249791369495,31.4660362873454,29.3777883200297,29.6567633068457,30.2507716571886,29.470430875547,30.7077020640461,30.0529346010062,29.7059260932441,29.0380403296258,28.9397814058676,29.3158440707819,29.3798380051487,29.3661113807166,30.1880596722381,30.8716903199585,31.8519009008558,33.1195722992045,32.0854711849519,32.4711433541462,32.0823769023061,31.4197841109076,31.1086256823093,31.2608327731962,30.2130531304449,30.6745548246209,32.4323573169943,32.4627680513261,32.2652126704939,30.8962825762165,30.0936069542992,30.4758258488268,30.8750225030607,31.5309053322171,31.3053684097928,30.402115825737,29.9354993901923,29.5465303590091,29.5792810713469,31.0064364519474,31.1287794348521,32.3705895776466,31.8582427118311,33.5792422638938,34.5975104452079,34.1097963518468,34.5019767123481,34.04837928868,34.0005676262972,34.3697331281407,34.9585918054497,33.9388538787751,35.5312954667851,34.9428601995875,35.0904415006848,35.3530720587418,34.9693951071054,34.5014530793375,33.8369850994335,34.9118149278873,33.9708344638295,33.9604552798792,33.5507993227711,33.0731050603504,32.5102896640481,33.3176661243199,32.966278441756,33.0971614800551,31.8864410405942,32.4160949304491,32.853585294383,32.7156431502115,31.2420740577485,31.4708649970136,31.075539448517,29.7504133330887,29.8470523990448,29.9916741022023,29.5442197703594,29.0050524503554,29.0914600771308,29.9093390675834,31.0973693940234,31.0487698598457,31.8232020226632,31.6601870690728,33.3305282818438,33.5640675257652,32.7789534050944,32.9759381516167,32.4078382074203,31.5618539750271,32.5198871877695,33.7434753014774,32.763412705685,33.9412330788649,35.5484994266707,35.5889933168747,35.3649414707861,34.0365293246033,32.894577610815,32.4699055621258,33.0289452832846,32.5699357425952,34.3560197206793,34.6792949307069,35.2937089854558,34.5706017248055,35.3105365508696,35.7720278621473
28.3179900246417,27.8842211899332,27.4265451395037,27.7757377570887,25.8020347517291,25.7179683520921,27.7301163279828,28.0745453558852,28.1714605700095,28.8976614268244,29.6874869955642,30.3108175179466,30.2189392744077,30.3278064182559,28.6205800772105,28.4343420495753,28.1880692194746,29.1309456304157,28.3078313213148,29.1398816069793,30.3029277856977,28.3734604704089,29.4813705743114,29.8911343598971,29.9825624358906,30.7947060046484,31.1603322718895,31.3278697219318,31.0354214120533,31.2857706341038,31.9322738046307,32.6021130576039,32.5758181311704,35.0698089923796,35.8131146877906,34.6509290183556,34.5595004063117,34.6201703668878,34.3149889745857,34.345361686991,34.1021164081318,34.8585416015555,35.2146027928382,36.4179942769369,35.5703600387868,36.024466223636,35.9890275531717,36.4666710403344,35.0427272799456,35.0831917601107,35.2700623019738,36.3872096279476,36.1472614950389,35.8039772057383,37.0369507156504,34.7475736898193,35.331796455953,36.2889161562132,35.8164641871852,35.2617620385453,34.8443664010031,34.7970320015169,35.4653216243326,34.3923477000214,33.7829129803848,33.1270225833424,34.0627659949211,33.6500705367302,32.784440959324,35.2004002540787,36.0372343844506,36.6752260492443,35.941900938568,36.8855140307316,36.3304994484203,35.9796999635304,36.9845222181826,35.979101692617,33.8569501726046,33.0324181480128,34.0145062686791,34.3565711140344,34.1301141522868,32.7562408133057,33.6608661444464,33.0510886350198,31.803006542711,31.4339852724663,32.2491539574098,30.3225336529829,31.884131383081,31.4394529773693,29.6911756552195,30.4272219454347,30.4852240082139,29.2676071443124,29.0877433930849,30.2172931313977,29.2829071363938,29.4664131211097,28.6460479258351,28.0751740089326,28.4642448290211,28.4896083771356,29.4641823327958,31.4803693949053,31.9951447979523,32.328338258949,32.1548256252214,32.6274239884249,33.1245378044636,33.194946182833,33.6075918648694,32.0840794270365,30.9241300100245,30.3164177974483,30.3995813610179,31.0512643308192,31.5189823757801,30.7805469519023,31.4706295979576,31.1426135332511,31.5547431794785,31.660189797973,31.548919131486,30.0827326983669,30.4425613944474,29.4260275825221,31.2815512981338,31.7325603323766,31.6870625783062,32.9658765686454,32.4090484008901,32.8960585306865,32.6773311621948,34.5208418509938,34.3486991520258,33.1966077086411,33.595556208053,34.3182002425696,33.3797471201563,32.4932660881956,34.0066858962409,34.1337037550009,34.8558335291157,34.1665593807527,33.8347620911948,34.5102928078726,34.5981056924892,34.6743680050099,33.5626871042924,33.1380386562217,32.1184422570063,32.5562685211805,32.6885645465758,32.384937699729,32.9672269189373,32.5487670522243,32.7344606919666,31.2516682897505,31.9925738763013,31.6691030960356,31.5801913167949,30.0719876124632,29.8444197436163,29.7767014438432,29.3798607657715,29.3831150824476,29.2861538807341,29.1015838497469,29.5507497270712,30.2445004916311,30.2612314778798,31.3949639712468,30.9073277294972,31.6359032506417,31.6788545541585,33.1093530936342,32.2030986270115,32.3826661389559,30.9615186414709,29.9856821991911,31.6376438608928,32.8737951894093,31.4994027643663,33.3920358614438,36.0956622647758,36.5030911212182,35.851694822899,34.0570350761389,32.8591152598353,32.8716309445076,32.1939381419623,32.1724266881837,33.4133728750498,33.5952809940322,34.8030929320155,34.5232730901927,34.0568721757609,35.5293388359449
28.9382727355827,28.3049554205308,28.284399390075,26.7247923510831,26.6146561978544,26.1493142264898,28.2131071146011,27.4996877489828,29.2237603258812,30.2730342653483,29.6507907160562,28.642014237828,29.7957247649656,28.790049252621,29.30612733497,28.3310500483884,27.939278065902,28.5064821152841,28.7429096089523,29.0404602517187,30.1908810636784,30.6454477156262,30.5074632859965,29.6183399121689,29.8946788651069,29.0577797224202,30.5969256685226,31.825938651464,31.8575297848925,33.4715779870689,33.9923305198953,33.7505393268932,35.0690774797536,35.5056088145883,36.0567758184486,34.1244632364734,33.317593244062,33.8175535843362,34.5810636265404,34.2267802263639,34.2208218923687,35.6066138302062,35.382725651528,35.9679402593187,35.5516780683796,35.5051219850188,35.2012093975803,34.9178187007675,35.4025298877535,35.7448143781098,36.1365320762118,35.3462518700107,36.0711699792738,34.7473607857675,36.5792659610816,35.6177210995604,34.6453036901819,35.3131309314203,35.5431552043684,34.0524148942193,34.2998970684097,35.9342424091744,35.5643417306789,32.388715669177,33.3340417978488,33.4678037639449,33.6621368266741,33.8927100642222,34.1096602838409,34.8486578059938,36.6717238089939,35.5533435207862,34.7040726223069,35.343340881422,35.462620616997,36.2467580490661,36.8786536303286,36.0716653470924,34.2172939912099,33.847969479957,33.1362607175138,33.0192885112721,34.1778690498402,32.8622821398629,32.6417308739529,31.7379717497231,31.1209351176601,31.2619582089816,31.8972001737186,31.4360844864958,30.5820059166729,30.9825756326335,30.23015629852,30.1349164669017,30.5432992135123,28.616661656258,28.8515713139481,29.4668629452831,29.5195982466377,30.2016010892272,28.8070874541951,28.2995968021926,28.6035655837759,29.8117830407303,29.8149863634135,30.5871426190286,31.7463695413967,32.8771546265582,32.4240046300201,32.4009923856316,32.1544076655602,32.9508259940482,33.543050070958,32.6786034901756,32.3859176336425,31.3838421601309,29.520111100831,28.9436500173375,31.2124867843951,30.9356328609272,32.5409428235776,32.9102268650931,31.7649844309822,31.5129028215828,31.7078992289167,30.4543564997394,29.9282832086648,29.396820528302,30.2265100516952,31.4696672859681,31.4287428337091,31.7810314879687,31.8409252501289,33.1818270761001,34.1587720957015,34.0346780352355,34.480690360708,34.9402126179954,33.0382270498725,33.220447834266,32.4942495131806,31.9465349566567,33.4779834261287,34.848171705189,34.9830061492183,35.1472039776239,34.6018543050397,34.0451051006928,34.4389435649738,32.6895494204524,31.6082678710559,31.9767660762722,31.8662461924989,32.1775740005598,33.0743758448324,31.8060086780625,31.4534837648825,32.3270030393347,32.0356294372007,32.1372679367689,30.8805060360578,31.2009807157374,32.3440104251557,30.6986383584575,29.7820893828356,29.2233993115566,28.6637263054626,29.6853322732519,30.2050839814851,28.7433521702299,30.4225474011794,30.6941766062433,31.4127055367581,31.3794004104776,30.944417947541,31.5036087446744,31.9508670486854,32.0010536698463,31.4376005441489,31.2353844216714,30.6358090170378,30.3115624697981,31.3248376055961,32.3136419984238,32.947562673117,33.2950996564288,34.4144575138516,35.1940992111873,35.9717178702763,34.5742366495632,33.1185030087681,33.2615593822324,33.9110365378904,32.853300493119,33.5459153991611,34.1084772604487,34.6972073913392,34.8990497176637,34.7470886507079,35.5097927445092
28.6148794938422,28.8366081385497,30.0729365460772,28.6763672483629,28.172300206056,26.8367783732196,27.2345645298036,28.1378597632666,30.0067502930758,29.3147426216454,29.5060116819835,28.76055480754,28.693607779741,29.0063952169477,28.6146347751814,29.2373040757162,28.2658733343018,28.8693328052893,28.4343962986695,30.2420426732108,30.6217335843098,30.1091592368636,30.5867689605212,29.9416986616868,30.0874120470124,31.2471716603266,31.1385326016355,30.5870940188853,31.1424356706691,32.0784453630821,32.7630047885315,32.9617819623537,33.7630940704216,35.4927828547296,35.4755090587843,34.2413928180856,33.2124833984881,32.3411205447386,33.5904713285059,32.5541253257045,34.2751303818784,34.638060006463,34.4160223374373,35.6547785900978,35.5845748094588,35.4890896006478,34.7874391338167,35.2733902105737,35.4146336278859,35.2390634385257,37.3195670799978,36.6168950934869,36.2601786360206,35.4572226190268,36.9497634095785,35.755170713899,36.6150870905916,34.8424206658503,34.7555034729595,33.7371167625084,33.6065273278762,34.1150043418862,33.2221919159486,31.9872741070258,32.4840501814037,32.3295400564886,31.5801907166397,32.4130205180817,32.7256058289034,32.906879729572,34.2074200223043,34.5377955581667,34.4570187704107,34.5503981749878,34.6395869406997,35.4187261739024,36.1755684518814,35.6638797715254,34.0702057498422,32.645099668282,31.9805059337703,32.5928724398482,32.69789231787,31.1127522782896,31.0336564526431,31.2953675609663,30.7816564124455,31.4837367095838,30.7305080689969,29.9527151044531,30.8281328178506,30.1133009394663,30.5576941764454,30.1544483989733,29.5549026467852,28.0982630531335,27.9574819631686,28.24277598629,29.6043456606614,29.3220169130892,28.8271062766989,28.7251982482892,29.8339163406375,30.4217887490056,30.0583307819924,30.1801724786869,31.4616582409918,31.8667422201711,32.9303709491746,32.9473349164473,32.7266705619456,33.6345508910601,33.3939301303144,33.458190942303,32.8944684786857,30.6940359855,29.564842666449,29.9938938048891,31.1599419548976,30.6680332151693,31.3309005791596,31.7689383830873,32.3856310041206,32.1597687112708,31.4381585037287,29.6221725484328,28.1586807026472,29.3003283760149,29.8439385827348,31.2291042663846,31.5042561689359,32.6426832793237,32.6574536823473,31.9959787718779,32.8479474340641,31.9265125161982,32.5931031498228,34.6424868484779,33.5330803907242,33.8349663671011,31.9918730602705,33.8153559046893,34.2512772262848,35.1386968994562,36.0517867248625,35.3166407692829,35.1622067998115,35.9098329827809,35.1778132726642,33.6420934349152,32.3871949132673,31.9035382612775,32.8929908533203,32.8088664787929,32.2261720149346,31.1008194708416,31.1865216120811,32.2874388710469,32.7015281329998,31.4849521422456,32.0833102353922,30.885570578451,31.4561966527916,30.5041057526554,29.6057058060164,28.839283006252,28.9638356835234,29.235587587088,29.4424718605915,29.3161820902302,30.2973800593173,30.8591147474722,32.3498152026978,31.5169818797084,30.8275230094139,31.8788718335481,31.9799413090211,32.4236776869301,31.0114642761205,31.8705724347365,30.7319910564557,30.6716433469697,32.202905534352,32.1016999659201,32.5161300023114,33.8332118366497,34.5077733877054,35.1340546572864,36.3759187705734,34.9385849181534,34.4112550876939,33.5884017647079,34.3371158088024,34.49480764302,34.7978931041441,34.023482259968,35.7458806412523,35.7118211001314,35.1569966008852,35.3435478394354
30.4589308084872,29.1814600280453,29.4693285916496,30.0110783172465,28.8550506862439,27.2132370671778,27.5434417078297,28.0051682905607,29.6077507985921,28.3644934230433,28.3462899905782,28.6797218451756,29.087763277373,28.7147105628063,28.6460386210939,29.0883411347569,28.3432095830471,29.0550992039856,29.9243157414347,30.0305103639167,30.4326292208461,30.7600715679055,30.4015050808488,30.1535541394742,31.1683929288223,31.2642777115024,31.5181913667767,30.7742861537901,31.0787046579566,31.0141720424374,32.8282275004078,34.1189927463347,33.6355687108578,33.5882441290429,34.1832289079008,34.6368902183427,33.7717092634431,31.6561163206844,33.1538275193537,33.3890032337353,33.8318846754041,33.0808203758384,33.061143768381,34.1674086836527,34.1522026439606,35.2686925617114,34.3454684526568,34.8324837560488,34.6801574868307,35.3921726353091,36.2552899004936,36.8825011797943,36.5770898123526,36.1012278462038,35.884890014798,36.5406115668991,36.8037153828977,35.3528486619483,34.0276456437863,34.2815302906885,34.3176877411048,33.4808519030771,32.3326465552461,31.8198421022821,31.0031852263559,32.0909182332634,32.6017167342103,31.9950405869709,32.0707519801712,31.6248821873632,32.3707021099432,33.8756492039053,32.8155196480614,32.8235740528082,34.5860399624609,35.1293777791597,35.1695339894029,34.3809438764191,33.1952931048995,32.7721525672321,31.7815939211718,31.7942322285305,31.5092304463179,30.4563821131635,29.7529972827715,29.9305255288465,29.8673616994469,30.275674413847,29.4566548782922,30.61030701097,30.5492001279098,30.7726125656769,29.6163593564852,28.6686386846775,28.2301353661627,28.9163641218011,28.1091345597399,28.7343478689441,28.0079417828509,27.8887356389737,29.1725596598202,29.1364476808484,29.9400865569674,29.3868592918276,30.8352591628072,29.5460159005182,30.775970521718,31.0730258853206,31.6820653481644,32.6160959894908,31.8272638383987,33.3362766487609,33.5829143909546,33.2872611134908,32.6111106827941,31.7068056996752,32.0655845622528,30.8300517502634,28.7538636431001,29.4635474264811,30.6901096127996,30.6877565897588,30.2450816910148,30.9551703290857,30.9336755182065,29.5985787890544,29.2223669784725,29.4536307624009,29.9025130755033,31.2163057863623,31.8772867753728,32.3719731075528,31.8995483788562,32.3398604899585,32.0577476894455,31.8740703950572,32.9802916186475,33.5077726852502,32.5010058496305,32.9078729036346,32.7975952391428,34.3639459987228,34.6798838415196,35.6977494695905,35.579022087916,35.2207390724345,35.2532253044851,36.5539711653959,35.1765058983329,34.3294940877095,33.6957279566806,33.5190072640804,33.5124957740928,33.3739850921913,32.467235021475,31.4152316155211,30.7424814627884,30.7388429712698,31.2929839142642,31.8013442969177,30.9018999199119,30.6852449142639,30.1146194998367,30.0670544670649,29.5276485249224,28.4187552066232,28.8501061543004,30.3113047512048,30.3142273819485,30.1127744975396,30.7780324705153,31.6348980736129,31.2403808661976,30.9570019221441,31.6103601141764,32.1424199863322,31.720508461585,31.4532533143204,31.5026899145546,30.5627469517907,30.336223141916,32.370980749027,31.947870989091,32.4391053991676,33.1246132195739,33.8808905651879,33.6548356808035,35.2813056621284,36.2877698275972,36.6945506317775,35.4107259558418,34.6837740817787,35.2976352289706,35.7756210712056,36.253499255193,35.4147450295566,36.0053738932568,34.5168269644831,35.4806424407578,35.3923200606153
29.9887165960169,29.6772421126709,30.2679783924801,30.8046144257792,29.7358807392366,28.7631412613721,28.7963844141798,28.5227670939044,29.3938542676002,29.1122266834413,28.9862162686929,28.3642794524951,27.6198291726585,27.8776560092805,28.8135789493021,29.861829334769,29.1147942519858,29.7587751979196,30.1722780822095,29.7550947703824,30.1029028574016,29.834143769319,30.1947394568115,30.3583630700238,31.5668021817469,30.7764963623624,30.6921589949548,30.5614365851087,30.8161775396232,31.5107386791716,33.0120823852177,33.6591475143683,34.1571401500512,33.7340315290676,34.4555356211157,33.9106131740826,32.4513581551924,32.1295114675286,33.9515130453041,33.5630955320402,33.6776032396685,33.3737400764645,33.1412177482492,32.84324161326,33.6434180824424,34.1912724840712,33.4909184989197,33.9058941370538,34.8285082734547,34.5347384552151,36.3292487156926,35.8420076112653,37.3786094123215,38.0145159059755,37.5942841405702,37.1818642902067,36.4924876968712,36.0459484448025,34.3538961077212,33.4010239445839,33.173809466019,32.7249252664959,31.378565694129,31.9753922921039,30.762518875986,31.0352008449783,32.2476373372271,30.6964481392203,29.2217637416051,31.5112513165547,32.3268944055217,32.8712292000636,31.9339921423335,32.3870506922733,32.6045564195183,34.2082469905688,33.1591285875158,33.6580353170273,32.4939316146502,32.1951663299446,31.543585240855,31.2348039263091,31.1672887785073,30.7380805479121,30.043577377868,29.4375047399108,29.3423039397872,29.5989125581656,30.5453154314875,31.4285256967515,31.1301719472137,30.1550033511454,31.0585283798787,28.8937916856714,28.4511370654735,27.9365094037528,29.0724453367805,28.4989374716264,29.8264166418832,29.240888470429,29.8313564010498,29.9529760082536,30.5804658901202,30.7451516537037,30.4249032440705,31.1585451319818,31.1103899317623,31.9697562693794,32.2092000231609,32.237256666559,31.9673285194337,32.1410300162479,32.7610197641414,33.5658997290803,33.6699249300001,32.3185441740223,30.9285363225777,30.397576322859,29.0621794982295,30.1444263292406,30.3879300327892,29.1149030302903,29.583298206943,28.4418920972822,29.3735910279701,29.0044928233499,28.9159631345984,30.0835405462086,30.6721465593465,30.8503524487834,29.8537647028569,30.9632840834574,31.1885786813447,31.0020247205178,31.7191222169455,31.7377078568969,32.1528024504778,32.3835639092282,31.5692725182862,32.5181803371124,33.1111758675635,33.7772798943884,34.9020033615758,35.4265166502266,34.8058353519048,34.6545838270999,34.5083044917559,36.1481936676082,36.6873006169884,35.2442420136652,34.0939563674531,33.6735257829737,34.2580326814777,33.6135366767621,32.6147447409525,32.7079604624462,30.8814225955557,30.212886239129,30.1552298795641,31.5300008478049,30.2406338218126,29.7017902152511,30.5803553017876,28.8416865388604,28.7535592209333,28.731236187975,30.0823029768338,30.5255791223324,30.3947273588661,30.3655929136957,31.163615598131,32.2161259305958,32.0184456300675,32.2371006056457,31.3502092202186,31.1531655481386,30.8625254907711,30.2437235766889,32.287955137606,30.5101544544427,30.8926616691696,31.8527484681127,32.8782971262254,32.6367244314472,33.6829605105825,34.2940214704747,32.8149621704298,34.0479450476735,34.9726400441799,36.0976418681433,36.0366275106454,33.8923158923306,35.2446706886882,35.7328012608917,36.1324652872002,35.0803815381,36.0677798665912,34.8480375421261,34.2055725898809,34.951693729851
32.2363849870702,31.0889509465565,30.9803368742481,30.7190863522968,30.7526114366434,29.8751818825928,30.1886666497699,29.1507934013945,29.9045187611947,30.008285358077,29.9879459724875,28.2127354705828,29.1188211321785,29.0704500105356,29.7706635034324,29.7248316956872,29.7023431478637,29.9592999274071,30.0792974108897,30.4619196882593,29.655199645168,29.0772408851132,29.0447925956711,29.9668940145388,30.6491892652042,30.5568131216067,29.8190299991423,29.9400560888092,30.9658487157871,32.1472678595513,32.0873901889046,32.4909536481545,31.9515877398263,32.9476844739263,33.9200921558103,33.972941905208,33.5509777218955,31.3389565855559,33.0761520226037,33.9742187564994,34.1467842989406,32.5353599376791,33.4891726096849,34.2165511021614,33.4964402029132,34.5147376544539,34.2290678242634,34.6203554970629,33.8959174685317,34.5257756898021,35.5870643959391,34.9995721528287,35.5282041801765,37.0407377068177,37.0832770452565,37.2109956035766,37.306643920603,35.9392953706952,35.6126056271808,34.381494647403,32.6997886254878,32.6620591854065,32.2234660393282,30.7898949465436,32.1169755993615,31.0546923457707,31.8248808555348,29.6456964060825,29.3886341124369,30.7901579812883,30.8947247011211,31.9992438966792,31.8984768751436,32.8401136778678,33.0033456268218,32.4614146544881,31.3630999965278,32.375372268038,31.2653966907974,32.3383686006954,32.305114297875,30.895942530571,30.9972832253223,30.3749872288441,30.1218789004664,29.9007411721546,29.3482540922665,29.797184851778,30.5634374347818,30.6603405056208,30.4847619014072,30.3957147939181,30.6877793995793,30.9439985694768,30.2827188394668,29.5798397774328,29.9313622111464,30.3870858869437,29.9787837644571,31.6378731075164,32.4231110296219,32.2187134727773,32.1294655171382,31.9024428672589,31.051801324627,32.104945078773,33.3160124571247,32.6330299802412,32.0225866230758,33.1990460966318,32.3967608924731,33.1813196259188,33.7240039103029,33.5380155969641,33.1056517306649,33.1932213654973,32.3509737155705,30.7879785714627,31.319593281838,29.8206620272199,30.7451750287501,29.8023133530972,30.0329438448254,28.676180242399,29.134826382343,29.2310728164799,28.0813606309481,29.795724612744,29.822477976564,30.8457475981719,30.9356701797607,30.6602570212818,31.5519570489474,32.0498891605477,32.1129979976428,31.5740025225066,32.3854886456005,32.1013187231724,32.4190526381632,32.2025761292599,32.8794814802729,33.63057643131,33.6737693460491,33.2519258519581,35.0077393433193,34.963434055769,34.4207143509202,34.945355757015,35.6404090976716,34.0614586571704,34.6403930735428,34.1022234919505,34.7981056552167,33.9852452340571,32.450144408097,31.4707811729776,31.3884746975402,31.0691083456224,30.8570879319855,30.390264944369,29.6419948381415,29.528205252791,31.6592744876405,30.9633185601114,29.4179370536067,29.4222664889617,29.0596955182398,29.8440512789551,30.132537479095,31.0479847004177,31.9798188064584,32.3581960894071,32.6100037368129,31.6703816046989,31.2574590171873,30.2097743891983,30.9580222185314,31.0707953692001,30.9224290556283,31.3426307612436,30.7354656425796,32.5154212063372,31.7573433093171,32.5815991724683,32.9467478019631,33.2859171494764,33.5771848783255,34.0702067334216,34.1513469848412,35.1269997542715,35.2855050712846,34.5349528618048,33.8127686821267,35.250136565578,35.4549156409553,34.6202758856131,36.1521942732892,35.3579985485486,34.7152780730393,34.8755815436245
33.5757584540035,32.2431604778419,32.3864185502792,30.96669244048,30.3173760823638,31.2278864067416,30.0241908061045,28.9943095116841,29.9822994847845,31.0799497440839,31.4407150081004,29.3933515955883,29.2003143924991,29.5243574539638,29.3194082484464,30.1375992459561,28.9830925742762,28.7062896651605,27.6294868670707,28.603880296636,29.3341174438425,28.6689493262907,28.8614310476826,29.4425575255375,29.5750504869723,29.3044803474117,29.9198656715236,30.1702728089425,31.7939878891673,31.8720181884302,31.466531867916,32.7344123758619,31.8246358301779,33.1083227603761,34.2508752097012,34.5936275015248,33.003147739397,32.7050671282573,32.8158808159508,32.9709273744163,33.6045214073812,32.8148419437956,33.744692469508,34.7757099155296,35.1421382410116,34.9281240214289,34.6906686573785,35.7015353056131,35.8984992462895,35.6632310945219,35.644191009847,35.6541003713314,35.7784293334186,36.6496254717049,36.6589729684171,36.5150598772317,36.263153305137,35.1787754060969,34.1409011341517,33.205791704419,32.688217204976,32.5716945211442,32.122100144651,30.3256863219479,32.9465770567417,31.9158212440761,30.8137053476212,30.0844890529136,29.6068842942707,29.5206799178312,30.4400118701105,32.0661404631199,32.6020800953909,32.2688472332896,32.3329600004122,32.6212495021976,31.2952000262653,32.4616079594175,31.3269941264718,30.9672965196746,30.5865315610714,30.06867371197,30.321827021758,29.7810091577589,29.7357657750938,30.8984150836841,30.0978585030615,30.5300561964015,29.5136523840631,29.5979734930565,30.472490158173,31.6862518796756,29.9220815193672,29.8529670622264,28.7981879504476,29.2032095785092,29.9293642594716,31.1022008715952,30.9209772024575,32.8760694662323,33.6348566628534,32.5736854325621,32.9559509434824,32.6269601765697,32.2548294869803,33.1295863727486,33.3993444091985,33.1074862132385,32.664881873478,31.9159500210933,32.448632726583,33.7377365250702,32.2980181264162,32.6827142858184,33.3141971256495,31.4529973336055,30.6969594075795,31.3481075971447,31.0403631441895,30.4270945612292,30.1043301323664,31.1440565803879,29.7668099452063,30.0415352458481,28.9261711639362,28.6082133043963,29.544905392942,29.1463619889029,29.4869634056394,29.4232301915843,29.8317828076598,30.1453069795783,32.0384747863865,32.3895524748732,31.3653758386015,33.0325485763569,32.1699698010635,32.4403576682101,32.3517591684012,32.4268783609568,31.6326647621295,31.6816820333016,32.342608049282,33.2081615001408,33.8961587767758,34.0197853859445,34.4627415726109,34.0813799061278,34.7407347984933,33.8713261213446,32.933012505634,33.2247502090302,34.7768799722792,34.3257199921063,32.5880002908863,31.9014864894088,31.3041169571562,31.7718631051481,31.8689186741613,31.9482231999597,30.4224400657164,29.9929933250694,30.9711065069878,31.6963571825663,30.7497558671467,29.7430095973216,30.3486562787859,30.8040679879279,30.8814726981862,32.5456524768551,32.0281500982364,33.5964799173435,32.1248757776451,32.6131724064325,31.0148096594952,31.1934041368753,30.8509116789363,30.3944449685244,31.3251284150687,31.509768676416,31.8635527487387,32.4032451731964,31.9313325745606,33.2880380727342,33.1674732096159,34.1764928769267,33.8631492584875,33.551680962109,32.8272448117756,34.0153237739932,34.7690463210418,33.3113304256821,33.7616408198663,34.6844664874995,35.1991082020525,35.5636631272513,35.2575982183589,35.471273686724,35.4451032687918,35.4009988726681
33.3550509167948,32.2398502465332,31.7644548948598,30.7636186171297,31.1173482228894,31.4370151153111,30.8877767021832,30.4389091545783,29.9736670646396,30.4916791320194,31.122432853995,30.9140200810896,29.5697373566036,30.0439499246426,29.9552763329564,29.697587665288,29.5864269157564,28.5144827134333,27.2056659963869,28.0611465779857,28.4994604023033,28.0991906602471,27.7704184499742,28.6357588520318,28.7859281455436,28.8138527756702,29.0372100124806,30.6841026780004,30.9768567923796,32.050561004144,31.3967364865135,31.3223866287863,31.4306905361291,32.9191444150857,33.6182775603859,34.0305522295982,33.2052127133381,31.9540418349925,32.6331673520018,32.5669516986214,32.9909638600976,33.8670291744115,33.5475846323449,34.5058654919353,36.4811774214341,35.5486826723459,35.2523917997987,35.2601474452154,34.9271479779125,34.2599915863873,35.7688516392748,35.8090019126062,34.6668664653406,35.2229463520158,35.4721485575791,36.3453647325206,35.8695773127118,34.179368471517,34.147913498159,33.2647869951268,33.2579417319547,31.1013155414409,31.786480486632,31.7427880515881,31.6794417947908,31.2794516364635,31.3125055722071,29.8650798557952,29.0135278617877,29.4444249118642,28.621248998473,31.2880176264424,32.1200372472979,32.545006068952,31.2728272810941,30.7022853422616,31.7673981173951,31.560752651968,31.4073971094629,31.1522078971724,31.125678232079,31.0983426471038,29.8755104043932,29.25388917946,30.0575451202971,30.647437324469,32.0016367953754,30.8816205327787,28.6009522761771,29.5379382859121,29.435884864325,30.2699484260456,29.479990055223,29.0172728565283,28.5825122972224,29.0845863100219,30.3408941082912,30.5846154393137,32.3985754635598,33.749004360047,33.5967818219268,34.1612517381562,33.8700297841188,32.6231895522192,33.6945816907831,33.8692811094334,33.7536622114151,34.0177525248598,33.3439990152288,32.6113907280116,31.5320397485918,32.4129390633622,30.0032435248905,31.4163738379396,31.4944874824923,30.3182199553107,29.63098429643,30.3681988251929,29.4679397812015,29.5839542873331,30.7103195272637,30.8654606884247,30.4244357342769,30.5144690300339,30.2920239837397,29.0853196851091,28.9873057665498,29.6852566374925,28.5860586995381,28.5925854095824,29.3968283773815,29.826679385999,30.7144614071046,31.1618819674326,32.0486233062459,33.1723212619236,33.2360779325091,31.8494597075497,31.6111527117372,31.6526184121836,31.4092114191929,30.6817490062491,31.752489371882,30.9173005167204,33.1746191928477,33.3328693834876,33.5052046308424,33.9727413969421,33.4238517356928,34.1737571455668,34.6340157304689,33.1319169243256,33.0981678417042,34.0127922556256,34.7285396298703,31.7222048902112,31.0231905744582,31.675623289047,32.1029765812655,32.0219598848324,32.0781726339224,30.6754367083224,31.5397462239466,31.6698229067951,32.121428951506,31.3151204150125,31.8104433475811,30.8123091993941,31.1530307207924,31.1565928259601,32.6353689999619,33.9583181149617,33.0568043422909,31.4426822628218,31.9730627050307,30.0983939314426,29.695504934184,29.4377574787385,31.0355668988981,31.2117843259293,31.9937082657151,31.6918524939056,32.1148556451674,32.9663815300119,32.6353855787924,33.5403716367925,34.0604625456989,33.2329006353246,34.2658090448504,34.2320540260916,34.0675649007494,34.2449782938937,35.0268457313796,34.595266890382,35.7931876385568,35.5282059341861,35.7696637735398,34.410670519551,36.0444388516046,36.6192064807383
32.0673610039743,33.1905033913984,31.2763510795826,31.2444552341768,30.7170809625564,32.3091292007504,31.3540185920788,31.114435600021,31.6984504641167,30.6945827672158,30.9038649831843,30.792647543466,30.5531919695059,30.6906652854207,31.1652768544241,30.0653828997049,30.08283727635,28.5969255162157,26.9613621494215,27.6273543063461,27.6459464913876,26.8505193813328,27.9787553872066,27.3912251203,27.9143120904889,28.3887512088986,30.6148404700179,31.3151252572396,30.9767421176314,32.1703024682521,30.5510142360628,31.655560381431,32.6150575121389,33.706946623479,32.8979305576308,32.4492383890048,31.7070424284389,32.6956019634297,33.3638721815211,32.8925413451137,33.2758804494194,32.6569772594606,33.4596635223851,34.468820602373,34.7478099727164,35.2032647187973,35.2254422923796,36.5900639164821,35.8273997409684,33.4681286898937,33.7812455290296,34.9770048635878,33.5829618732897,33.9503819058536,33.8192690847852,33.6251440757711,33.0859172234007,33.1070213664405,32.6185220593013,32.5275827350198,33.3539409095311,32.9083127534099,32.591691061973,31.848052575664,30.9875496110656,29.5261879944284,30.2994467785482,30.6757210282159,29.1219069094572,29.5037011723992,29.8167236278606,31.2608154626408,31.7228328539962,30.8939183680848,30.8466172398717,30.9215245465501,30.4183234491811,30.4706679378919,31.1956513048577,30.8427469823979,31.0299100178324,29.8940571717572,29.3488866992369,29.2047329516166,30.7146828515149,31.3735257349812,31.2482972344328,31.2437062195692,29.6354561645146,28.74641598479,29.59839339096,30.1310494785594,29.3466308357704,27.6912963381113,29.4121398726617,29.6516376814576,30.048879700993,30.8224871450718,33.1391434019936,34.1624904849158,33.8605476849306,33.6382142602333,33.373891065255,33.5526104031701,33.4878592319825,33.9367708663884,33.9147377910285,32.9369234960689,32.9002522557187,32.6125242953416,32.1237814857889,31.311310968314,31.1458019717452,31.4992062946671,30.6669439951967,30.6345921747469,29.9495143804777,30.6450985371942,29.0772329822239,30.1131681545905,30.180795014118,29.6447777622679,30.3708735801692,29.1783767591324,29.4607456031773,28.6981227605681,27.1582932704396,28.4917494441811,28.5041032421457,27.588363532067,28.6372050795297,29.4362236116736,29.4418859618633,31.3727136572384,31.1987955801848,31.3099814888355,32.4424821814966,31.9020923698161,31.2032953264023,30.5803278314594,30.0151922933252,29.7223262761863,30.3574727407538,30.9338537815217,32.2712396147205,33.8590758474732,32.5725135585635,32.8154001754875,33.6626225524124,32.8697782617394,33.4906077347379,32.9341253309359,32.4395014825449,34.0087659284081,34.7981920462398,32.8112343844302,32.4150834187486,34.085928478645,32.9907956221319,33.0624960449352,31.9528238923996,32.1089352642107,31.7045816556798,32.6598736057529,32.9124424099879,33.0277110495221,32.4857763781635,32.9941156434497,31.2296253697054,30.7687232441408,31.0948394078181,32.7971501901512,32.4952988520069,31.8256315264031,30.9402333671672,29.7913070936399,29.4927673830035,29.805165810069,30.4478154130703,29.5786238695797,31.0243509362207,31.3133932958091,32.4080840516386,33.7224368298083,33.1710194222669,33.548862546398,34.3650257746048,34.3901186367088,33.3280259665234,32.7390639834271,33.1106708456451,33.7774096885557,33.5488800886459,34.8697698888297,36.4742295878717,36.2770879175331,36.7074195559338,35.4724212827096,36.2274193310371,36.961140822168
33.0457692305856,33.581653270198,32.3934026763175,31.0489746905483,31.4252227303416,32.117173698075,32.0859030005957,31.8996537127017,31.4032503936398,31.3683532028711,30.9204303791536,31.2196908147813,30.9334917258879,30.6200377058005,29.2003659113299,29.7692000729814,28.6292333017222,27.9049257691611,29.0287556387438,28.0384176646096,27.6776230824512,26.0015313534134,26.7712694570496,27.3871766877145,26.9988293731956,27.5024103685952,30.0305518700322,31.7873623656409,31.895950197359,31.7733216752909,31.0960232840503,31.7621179076319,30.6710818989381,32.287580304491,31.4428523736629,30.4002970233556,30.831437564978,31.2124595218881,31.1427342112908,32.6481949227109,32.3759397078476,32.2704156290135,33.0999069829702,34.3037310817398,35.3678387480844,35.0430059773727,34.217926411487,34.8922480843168,35.1179146025215,34.7424735172672,34.3241352625389,33.9758375326231,33.7034374582106,33.8210457640253,33.3049639136851,32.4694248637981,31.3975774786692,31.1569729942005,31.471619379125,32.3940630048791,31.491382370641,31.9430807254981,32.4793557747401,32.0236478400503,30.6085418736381,29.5268493499532,29.6561217055649,29.5774659805486,29.866005932142,29.6382192243895,30.408782276321,31.1993798747361,31.2999548615025,29.3478958452756,30.3493072145103,29.9393836544018,30.5965069102758,29.8396205779108,29.9667881583013,30.7895854273866,29.2699369716225,29.529958502269,29.912207934329,28.7303199545528,30.1476798601384,32.5204287514617,31.2990269366203,30.9525065912952,29.136848377341,27.495380371948,28.5746436779785,28.7596863339599,29.186199456084,28.8365386368564,28.6729675721869,30.2595036809333,30.6184790148752,31.9126854936364,32.1010440047517,33.5837555606637,33.4036358411773,33.3998923174803,33.6501681623511,34.0862010148881,33.1150303244425,33.2991524026617,32.8702955595499,32.636871003697,32.4220546337154,33.1719793277381,31.8854558700806,32.4782178036878,31.672510885403,31.0861856835367,29.6047202109407,31.433118996465,29.4705155608666,30.448259038481,30.7718503852374,30.0937214810285,30.0583508603453,29.2827426177852,30.2138396210752,28.4517506997726,28.3583449183906,29.1318572901518,28.1221666241476,28.6100814333604,29.2299536399463,28.3484329665998,27.4360477238018,28.5498224290633,29.5216968292345,29.7118698247701,29.9083461570932,29.6694916661309,29.6884058557343,30.3225423274754,30.4987661047278,30.6271144020391,30.3197962513333,30.178317976636,29.5470592964649,30.3804322346094,31.4879738486617,31.4595776726516,32.0304487692908,32.644777132496,32.0016273483695,32.5929690242346,31.742879615713,32.9557863055107,33.3798425997196,33.966519126063,34.4092723011851,35.0849842388137,33.7891249143555,33.2164785576298,33.3292961756615,33.8625500280019,31.8420568269206,32.3026277894887,33.6308487159375,32.5996614477366,33.0785001215121,32.9326208586227,33.3215466319021,33.0076390139532,31.1224487747233,31.0674951456028,30.9901345118741,32.0311237732069,31.6393426814608,31.1529241510746,30.6945716723566,30.3217680454975,29.0630285994172,29.7337452218137,30.0512503067828,30.2861875401908,31.3327853050506,32.2627134006174,32.6155099987158,32.3227443066529,32.7260376912443,34.5595324337096,33.8627797029282,34.4036994724139,32.8723689670701,33.0522061078139,33.1241212447693,33.6626420956593,33.3702841596998,35.0060125672037,35.7781694369102,36.70935213888,36.5835513800539,36.6212437862668,37.3174469577649,37.118494110433
31.8394607204127,32.9459226438952,32.1266779661569,31.5367197881386,32.3384700451065,31.6908544517318,32.8590890025672,31.7582711721576,31.1339388655386,31.4599517328899,31.1052407609749,31.2403348651674,30.9666399005701,30.4908763498889,29.5287040963538,29.459107019431,27.7270958836882,27.5327685910041,28.8795133616325,28.2979095529117,27.1114443841315,27.0045050218921,26.5752869278546,26.8884231786541,27.0595535171964,27.14312710885,29.3579857146845,30.2454736509279,29.9642689024753,31.1752784502571,31.7098836291178,31.9849751664126,31.2958267765885,30.346626185907,32.00077055735,31.7010557993062,30.1309173544676,30.8509171510553,31.1783746498093,32.1281635895873,31.7776959325625,32.8508246365477,33.3656467169091,33.8942721860367,34.7289755922882,33.0646340748122,33.9620155874098,34.2270659024455,35.4773539583735,36.0651255712782,35.4415040182535,34.2706969684799,34.6011462777503,33.7155050710296,32.4097683725544,32.1247950596653,31.3248911321166,30.4741922534121,30.5999633522971,31.208319470263,32.1708237952523,32.0500046333466,32.8941220372595,32.1462245255743,29.8864792937618,29.4778119785042,29.5433747175974,28.9065362030827,29.4093541593728,29.4781279441805,30.180591232059,30.3197971717042,30.0821373363768,29.1998398017182,29.5383967001468,30.2617286726858,30.4943205147114,29.8881524860576,29.627145730738,29.9282100651444,29.9770650504164,30.3437807817806,30.2843942536572,30.6446428456142,31.1748379491699,32.8369408816303,32.9267355550932,31.1337306580046,29.6797209769414,27.7830913761243,27.3779588840311,28.3759283956679,28.552084296645,28.9402858452472,30.2032983452472,30.9095214287196,30.1822477112696,30.8892102993254,30.7103482583376,32.2989576543887,33.0596184931593,33.9649395859416,34.8787470867156,34.5211449203456,34.8140433454218,33.0168857833751,31.2796397532956,31.9256920403336,31.1472312051821,31.4478278211,32.3062770601019,31.2899523477527,31.3550813914991,30.5241933801101,30.2326318511639,29.8554704288752,29.4183004113613,30.5645371665072,30.6261052829666,29.271553739293,29.7928025264911,29.3503669475268,27.841851066184,27.7474262069292,28.9860643483334,28.9049421271877,28.5374961509342,29.0811457913568,29.1452115184155,28.0293495218205,28.1646350078556,29.402207699109,29.1108849851265,28.4881969815287,29.2732558851174,29.7681720741456,29.0285331157751,29.7989846310567,28.9598183946685,29.3330924949368,30.0888042037888,30.0185009286218,29.2050694643284,28.9965524268495,30.4878249590579,32.231143731007,32.6345786350489,32.8074313780637,31.47073894273,31.2663231226261,31.2459494448049,32.0854271878497,32.1832275198257,33.7487208078226,34.2429713866777,34.7181893770123,34.274094973975,32.8913450211986,32.8970970177979,34.0873038012323,32.8706976900919,32.9747273603779,33.6533610237983,34.1201468779319,33.2880152931826,33.519880183941,32.3367695389671,31.8145415458901,30.8590653100217,30.3460560676558,30.4580037350914,32.0038683007571,32.5394082296113,31.7112251662268,30.5258793705227,31.3564921721244,30.6013483448816,30.864946155258,29.6062485754723,30.3313668235003,30.5787248461557,33.1686934403373,33.6751571769411,32.8115144051676,32.4075104127855,33.620589840622,34.106461953642,33.7871481757287,34.2392777351774,33.2020299848303,33.185411253542,34.353220035757,33.0678405218938,35.2831840186692,34.7900294525817,35.6549372646273,35.2467522227053,35.9926282789945,36.4957167388613,37.3757568413665
29.9564739431811,30.3803965761613,31.1338785641436,30.5042102916912,30.7989109349009,31.172123492171,32.0426460756601,31.9701898232728,31.2899003039628,31.0574231494775,31.1995812112366,30.4232112708257,30.2797685484548,30.2214581963042,30.0856912099132,29.7495441477611,28.860962499872,27.8616614852962,28.8197021907687,28.8207361979628,27.2352813459045,28.5534549412399,27.4968088728053,28.0065547019063,27.9083227288666,27.9351497486621,29.0654364627582,29.0832527966317,30.0575922376401,30.0825945388439,30.9592530044435,30.5249818777909,31.8305147558846,31.1557641462699,30.5384442923134,30.8297350736911,30.4568034918532,30.9008589956572,31.7619910434896,32.2382585089025,31.790716992153,32.9454865520102,32.5149755258738,33.5994985584649,34.4080453604827,33.3507532676651,34.2641094203989,35.5224468451889,35.1301096699756,35.7774330948013,35.5197843061156,34.7795035199356,33.8336555176852,33.0973931244629,31.2383897126352,30.9119401374854,31.8664583228276,32.176439854205,30.748453604918,30.8928171643594,31.3989457168523,31.6451829198471,32.5775017306504,32.4338404487561,31.5059251016435,29.8388223301976,29.9078225968496,29.7641966485717,28.3352285216172,28.3963460944736,29.1117919377929,29.3028530974325,29.1187430486312,30.0851199756712,30.0053341028292,30.2631156931901,29.613382532123,28.5191074219156,29.1492738396912,28.6763861470523,29.3908172917814,30.1646367570528,31.0911572572798,30.9946697311679,31.22675960267,32.8920428131135,33.348882060299,31.4804166135402,30.6506298397802,29.5883998906955,29.1342618448628,27.4189291890082,29.0742504695074,29.2554401169584,29.4686358272039,30.4015593906909,30.9983808157281,31.0141378976874,31.2878485866345,31.9924011671279,32.0031208949385,32.5045051365983,34.0069331958829,35.4193886627498,34.6207813830433,33.1960596332564,30.9128459051016,30.2490177207338,30.4126736845508,30.2800551246304,30.6633519868376,30.2591124294102,31.1591341613727,30.1153709373405,29.5676220046227,30.971070119005,29.1751418519826,29.7452358295039,31.3164962472189,30.6990651309211,30.289891848019,30.2919156576133,28.9866628211958,28.8132366642555,29.2622031080103,30.0597804424013,28.6780576820184,28.9859043137722,27.8225833815224,28.1872016233591,28.1260376316353,28.0280763736405,28.278927806704,29.128439317983,29.2018763864353,29.7908345717919,29.3651167555704,29.3053394825077,29.3185512077604,28.2908856775268,28.5650735034721,28.5034170097289,29.797875392495,28.9631349197371,30.018256282694,30.5918833784862,31.3411899273195,31.8132872271492,31.3866331769254,31.93852425093,32.1185164177032,31.4744270923769,32.306572796223,33.0352483708381,32.9504200855126,34.2836773696334,33.4952631838825,33.4423480201194,33.6882206153817,33.4563732440821,31.9192957518655,31.7723057947435,32.7903888516222,33.19867905793,32.5898770384291,33.8167031848457,32.8230723793066,32.0608648288532,31.431006144684,31.1162312922591,31.3155141508128,32.2042830541553,32.423611871165,32.1182129562317,30.6969107441115,31.0020568319379,31.0369672023886,31.3017038892851,31.1207894135237,31.3737747254519,31.8502981384291,32.9203789565816,33.4120773470617,33.7682006888363,33.5283457821985,33.1913475196713,33.2813405488763,33.4621348309339,33.90154177249,34.0236258960213,34.1466923721399,34.6463546868355,33.4011382697354,33.4782381369169,32.9550974525708,34.4738752190505,35.4551423094301,35.6845965242613,36.8676490138984,37.5293519175185
30.0915217607947,29.3394127298802,29.3446733353777,30.0597287831347,30.8699727020483,31.389037023633,30.3829825271581,29.4978085308341,30.1623025087002,31.2971178441862,30.6209897414517,30.4445685826452,30.7560124977947,30.6639432878875,31.0480524677469,29.1379760712513,28.6971824314993,28.8226887268505,28.8889893844938,27.938040227132,27.7772303774101,27.6854161653824,26.273551530174,26.9445451528542,27.1868890644072,27.0964219259312,28.1046107677977,29.5840084889775,30.5211958164213,29.881171411264,30.7209847174105,30.6974028727376,30.8289602697436,30.7931789658253,31.0462643492443,30.9665435946801,31.4120708199914,31.5053489343071,33.3851823914146,32.7283165764274,32.8144395777412,33.1569393953931,32.8558673004252,32.1579956220631,33.1192448820692,32.3436426419734,33.8694077104745,34.384929212489,34.3937016466268,33.7272894871152,34.2192199822705,33.6654854627588,34.0892847590997,33.8418166700692,32.7131209173356,31.536408906603,32.2686815252179,32.1396410855349,31.3680039854954,30.7071389791572,31.7390508446284,31.9893318027509,31.9900683657014,32.4913862733067,32.2928237777893,30.1845246749112,30.9266811079023,29.6488862561937,27.8425243609547,27.6133929484962,27.566151836135,27.7258723237557,28.0367547733981,28.2903212232575,29.9815650713629,29.9425945361229,27.9969418763478,29.3932684779712,28.2887073306445,28.7184184721255,29.1533256090948,29.2004499682578,29.7908484991116,30.7944437975236,30.5965943463853,32.7169573729519,32.6911980770187,31.0726786235791,29.1696230326774,29.7456965333222,29.1648681276866,27.3986836908619,28.2918245548827,29.386220979413,30.1635592174331,29.7333331612235,29.2065850816527,30.6736651483108,31.0840218053208,31.6764426694932,33.0049810589096,32.5485691671223,34.2380477296816,34.2900789092489,32.8473641363038,33.2942391631796,31.6558511565301,30.0070346325904,29.8324022007452,28.193180477345,29.0499857363664,30.1509692876472,28.5835774467676,28.6026689695175,30.411985290633,31.1008521333957,29.6234975192666,30.7421506343367,30.8759811628036,30.2304606257956,30.5496354706426,30.0608305417666,29.5268450248953,29.7431313936027,29.6325623002645,29.3494263072111,28.6157955704577,27.5766494433687,27.7184663073659,27.6893073850238,28.3085630275922,28.6952755016771,29.2233222168176,29.4550044754146,29.7160889219563,28.624891213843,29.4005603186465,27.7731922471561,26.9354276122416,27.9331681668505,28.0618074919726,29.1701939939276,29.0440078265513,28.8873654579658,28.6608401123615,29.8849734558214,30.4856844343154,32.2904018101577,30.7737768314324,32.8196862068298,31.7165229089742,31.514388029157,30.9927874535824,32.7956277643976,31.9614149400468,33.2377207487735,34.1690175301043,33.683086299909,33.2252886815758,32.8232655533452,32.274400950569,33.5546010797772,34.2448936845354,34.0474355916495,32.2618967591108,32.6198496675798,32.8523193722138,32.0001794005399,32.1184941847117,31.7811035395349,31.6037342058507,31.2429469162876,31.7354603476057,31.3667657786463,30.6396368887732,31.5390459743921,30.194185008815,31.4411162619852,31.6552933973882,32.4497348238964,33.0627217681975,34.1387842981498,33.2678825086725,32.856939401399,32.5306218215073,32.8131904488207,33.5017778433787,34.0600291037415,34.2326972642986,34.4084491223434,33.9372775157158,33.9944370066722,33.6400156928778,34.0102855360803,33.7128394156759,34.6417338337952,35.950468784786,37.2969483538789,37.8415094040507,36.1936203787871
28.7584422506646,29.6680302589518,29.8259530263603,29.5174684305772,31.0652102480922,30.5122544548112,30.0444025735906,28.4164139683479,29.1230884904512,30.6457284711198,31.7850747414482,31.048129429647,29.5673415399163,30.4325870066237,29.5145523279862,29.3537675401096,28.3668474113039,27.8169672501942,28.8867049996584,28.7041509741353,28.1095713856071,27.5305444099528,27.2636416085242,27.1704004452801,27.6942817029608,27.4405992163304,28.1448907202462,28.3166560526084,28.9388431199252,30.3537433452621,30.3736817808661,31.1820667145315,30.4727296078015,31.2376061362689,30.7824082874877,30.6711031282525,31.4895398891301,32.3613537701305,32.0916614161827,31.6948546861393,32.1872451019224,32.8287240940782,31.9808775844681,32.421887459205,33.6508990015696,33.188845910102,33.0534053708627,32.8584515947225,33.159049206759,33.3135842762132,32.731391025525,32.3451862980814,32.177985834665,32.9820920691553,31.8739473975907,32.2550254416747,32.7231689415907,33.583065424744,31.7452645372398,31.3539988249354,31.4678861896221,33.5446436026173,33.9445356941014,32.9418603423439,33.5055405081958,31.6577654839683,30.6104042108389,30.8738366478765,28.9371073778973,28.2369363004692,27.5576771215427,28.2372955532364,27.36922046807,27.897831805647,29.382314154058,29.2861644606634,28.3763666830866,29.2574376354171,29.2987860960371,28.7270391806753,28.962531116117,29.4046672612345,30.7076687054477,31.4590515683721,31.0201650774233,31.7917227126301,31.853397972578,31.3524324299575,30.2373265647831,29.6584945756084,29.2410528250726,28.7355119251985,29.2437110060187,29.6464056323646,28.8597659651732,29.4509681250243,29.4925763306757,30.6227919987065,30.5374817218451,30.6869134414569,33.1229293887158,32.7032681453523,32.3362888140696,32.7444232685879,31.6333695265504,32.4732339974987,30.9975207440213,31.2870062075259,31.1463172837263,29.5984292883012,29.3864813776141,29.8099446603335,30.1679289445679,30.7499299673954,30.4780781711839,30.1476381093504,30.1170009097845,30.7732688796579,30.1013752063386,30.4552634299911,30.0405847231554,28.7000161902849,28.3656512031724,28.8479387185101,29.1716840079124,29.070895501141,29.3747406597253,29.800978436379,28.3017789544124,27.945164486341,28.9102249001511,29.4232551549193,29.3816826904501,30.8033917547985,29.6845404151133,28.9446160304909,27.9493593143848,28.1049362864217,26.2349249126242,26.2745211606382,27.8119585008643,29.3464588483006,29.5201908159285,28.727722104763,28.66678758315,28.8015399700225,30.2813539449444,31.5382778572707,31.1692960673386,32.0048644429487,32.4461400937808,31.845448260463,31.3307814638828,32.0184553540456,31.4086044927765,32.033830806439,32.4844156957632,32.6495396042509,31.9133791078077,33.2604617939693,33.6574252285604,34.3648726045004,34.9135817764369,34.9323925043928,33.991993642221,33.2485400539898,33.3309607989363,32.4989001360055,31.3295713618506,31.8741370638685,31.4099953691312,31.9307793770219,32.6426692807444,32.8606245651633,31.6583240624375,31.4559031868409,31.4410766008515,32.1354807822722,31.2710127924917,33.6589528653741,33.5335087235095,34.3614560497119,33.1163148986274,32.5112052224085,31.518800438957,31.8002534273197,33.0380827565531,33.6735436132844,35.2034276517273,35.178042956468,34.3738994777826,34.0795200084854,33.3167837682117,34.7013307142784,33.3835770034236,35.4571363446411,36.9175042346221,36.5756495587804,37.5518508771049,37.6319787399121
29.2856848743751,30.1041368439885,30.3002159994564,30.9036409618745,30.1964256775068,29.7435309892796,28.9315838931518,28.9745255807245,28.769919821827,30.6724506589504,31.1951634394968,30.7868039106709,29.7000719290465,30.3485892683267,30.0406604101124,29.6194558458789,30.1275591980986,29.7280507936612,29.3842765863083,28.9545091334518,29.0334712994189,28.5116367153004,27.3803989404823,27.0620750204955,27.8075515610937,28.0386512709502,28.6997071527938,29.212544822583,29.0295045912342,29.8013602200675,29.6805644031962,30.4955991773674,30.2982884354378,31.3859338401597,31.7568749723025,31.4060648566112,32.4791593501563,32.0395456355696,31.5313422310285,31.8309816097722,32.3599779079018,31.8903680406147,32.3557502640255,33.3059045267298,33.4632999676342,32.1870527685186,32.6689660818996,33.4132123566526,32.6566962230015,31.5699532467418,33.5075943371041,32.8590789577163,32.5118328660915,32.1432273499214,31.8588768481792,31.9237039405812,32.3620399191898,31.4523481891243,31.7358068456211,31.5838173232178,32.6023828091179,33.5006672998448,33.6041903172092,33.3789145446085,32.9641274650758,32.0542403849918,31.0332888629844,31.3981971556638,30.1383713163974,29.5248410745519,29.0536708925274,27.5923945099335,27.8965303386317,27.7651890293486,28.5430619647053,28.1407481471946,28.8198878797364,29.7624977691581,29.2993031744455,29.5533942531187,29.5703680356003,30.7022607742547,31.0901487656811,31.1832958917197,30.2351316679278,30.2448103110322,30.6060463542776,29.9318811527251,30.261058724275,29.8822106976264,30.0362092735568,29.001349679095,30.5823333018909,30.3234072786139,30.3498825205601,29.715896109409,29.9011918616119,30.9756033596842,29.9706384451701,30.4036273422486,31.1676645844752,31.5142354317432,31.05356326452,32.3212025069256,31.6205444415779,32.4319761080629,32.3190873228609,32.228921961728,31.6640647875168,31.9770571392678,32.0083525850014,32.1082505108807,31.100056792821,31.2006434898782,30.5375320534667,30.1928890565692,30.5817886298415,30.6688499950042,30.3077297825026,29.7241596089899,28.8734752354006,28.59508270964,29.1410833065966,28.6735021897789,29.7107122987571,29.8313446769662,29.9615879036677,30.5044965173168,29.7794468607704,29.4798820720043,29.6663978353252,30.037021540514,29.5375930597908,29.4102747165719,28.784410994127,29.2939892945027,28.2164376920283,26.8334708140607,27.1724399136086,27.3788419620554,28.1487407654052,29.3992915323298,29.4348445644056,28.4487508029984,28.3280081503219,28.100888586031,30.001576840137,31.059000177843,31.9072435942855,32.3238079690653,32.5237959661086,32.9639057835347,32.0027831751615,31.4104421030048,32.1784516636231,31.5614058373007,31.7691935363902,31.2927667597666,32.1815226155694,33.4786198346994,34.4346297689686,34.4175804850493,34.2087740079019,34.7374267772277,34.3229673614767,33.883137066333,33.5982998633319,33.2350781341083,32.7197899198299,32.3777572879558,32.6307258125259,33.0428811234802,32.415227904901,33.0193068526861,32.7829228405208,31.9543644198301,31.1756176279707,32.3611593718356,31.867476816672,33.4880275685146,33.6875936891816,33.6265317687138,33.8530193811838,33.6375701186841,31.7687191562541,32.1135894579351,32.6364841134472,33.7105882950513,34.3273194747425,34.5986788360109,34.6780524556795,34.8254860046703,32.3200355106072,33.5832972307137,34.707747514269,35.5042538672642,35.8511415020672,35.6277145141938,37.5765659759203,37.6032859469316
